98158859 39607693
130321834 292770215
89297848 34019686
89090445 114572972
19490224 104038735
117974829 101276445
105767002 4886022
29613524 253008557
115633523 141632656
84536947 51931995
123484943 198554274
93880023 172203546
114912924 351501796
1701869 259619295
130212592 52373722
133338433 340592310
131228215 154673100
84066348 125666923
136423378 95259303
3230317 284926205
38245519 72639886
38393616 201373840
139889630 243074209
25624293 64712806
63697884 42295649
124269392 25812824
37252955 231634872
78279188 184330940
93546165 47828474
67736383 394412987
37252955 262096684
133137225 294167986
10350270 323728114
130212592 252588623
133137225 15967060
131429910 357124826
36276513 123601142
78490633 79897589
122794700 299851899
114281565 338421198
24045086 347176491
71423379 398912190
128132237 261952693
36933597 377065824
86528162 158274920
16891565 197418001
124322312 119286596
139600267 191286647
9294629 245778285
36933597 264431039
72874817 138943984
75502213 13815631
68943297 86160526
45756119 126940850
76477693 177029076
57938026 198567946
110961393 23474338
138113896 272315896
89394332 287269659
130212592 370322620
84186023 23108409
81500436 37138669
124269392 316156736
36933597 360540574
96737795 380882655
139600267 361190274
57938026 106691240
141791496 153840909
29613524 89200295
120532813 398886815
126536985 335309109
138083837 163150225
141263225 187922462
32056631 202377294
93546165 85938822
128132237 255811843
73767730 140110022
110784641 110393046
136407839 147478151
81500436 369765239
139600267 149688569
139878830 19512510
40439823 274320430
1701869 180199480
105767002 187922462
67116031 321886986
130321834 132056366
49135407 107631752
493185 176988085
81369260 309522259
81343616 129685306
124269392 60008200
123783088 77052082
49262969 254409925
62744953 104635957
133173163 274451642
26649410 210028911
41142803 283639460
40439823 366911878
68810875 341320749
68810875 122231601
111289035 99659729
134621848 396236306
89168075 52855977
30719224 164284569
35580708 264121877
37449739 88064781
90401388 241471585
116806409 85973097
68919052 119235230
38393616 167074648
10936405 387778518
141569149 52052389
62054015 170143507
20319214 134632501
18717485 22880902
30710153 134579557
120264261 330647630
138375674 89548317
4530578 285835534
117545231 392815586
116045466 217800326
36933597 297972722
38245519 184376583
110961393 392165871
58859677 284555480
57866314 157984068
118967192 170889571
133401605 357897559
56919760 204094584
39988135 226768545
102857568 321461816
122032519 322687164
110848208 267406335
107850530 298451359
46121868 229549839
89297848 259884097
36933597 37220800
128132237 399645960
123783088 35287974
105854400 199249620
138824382 106392684
30710153 389242167
86735546 304430968
123783088 265635030
22052162 95389633
62909863 272531930
38940871 229614561
1701869 401073106
65663678 362384711
34737895 129203677
38245519 339364753
132658166 35233945
81706450 125593389
122869892 175752866
67724206 329513343
49302289 309522259
72874817 126867502
98158859 381964196
68898846 368459805
4883354 202019108
131039248 98656648
37252955 209149338
136407839 280871513
34123658 353368752
69158508 361171265
73767730 119286596
24045086 260833071
65663678 322448682
63105422 181272362
19872414 276264739
24045086 137724969
130212592 55401033
81500436 361410517
101732381 308050252
46241622 209541339
120169453 262825085
77934101 232583942
36933597 305667702
133137225 181281504
123783088 243534949
110784641 178196529
36313120 163442287
20319214 45548209
131039248 17167359
93913492 265940809
40907060 160681837
41657821 394347846
133137225 239866282
19166363 80977335
103701413 186841934
43527099 140262860
74898137 307003973
92593215 182040592
1701869 103393026
133920823 13864929
65212247 56301132
40439823 226265410
56448142 313318820
116045466 174266721
73249495 249774140
141782686 7701754
29281188 395074329
128132237 113335732
67736383 307536961
88967217 143909986
25574723 379384317
110159765 145815382
67878902 101276445
8583317 297309409
62054015 389884805
68898846 365693387
134621848 142683368
109052005 230214333
62744953 11551554
124639503 327414838
110961393 2156007
46121868 78045393
137393482 125666923
19166363 353605529
89090445 134625812
32131028 220487043
70351058 213294074
125178818 277115541
113947731 42350509
59451304 295123842
134416005 347926123
30710153 375612201
40439823 2820084
55749026 146374810
32131028 193573125
96523839 278749895
67833255 249976517
36933597 145977957
36313120 154162722
123783088 220498487
89297848 30932449
38245519 48634479
95540279 128936840
130212592 76443949
126859000 45150171
69997064 14095084
113299650 226994548
34737895 229543370
48308523 361766021
122588387 100720419
44718780 8233297
89297848 377522748
36933597 260515282
110961393 173426645
130212592 327262569
133137225 46626332
134621848 284640653
29613524 389398210
12048172 166414684
4530578 76715255
38245519 402305651
114281565 332667732
90035738 205390446
117848028 618878
124269392 311911456
117764568 359042506
130212592 237917911
38056569 312916299
142202623 317350006
122032519 298174661
141278390 193566536
84186023 126916852
20311539 180501503
140541865 262112219
70351058 119845162
141939336 239508701
85485962 87805074
14314497 336494936
25119212 231099920
62054015 393099302
134316585 297640517
1701869 95922977
20311539 334418957
66805194 91938109
120633779 347973168
43294371 66780418
44445004 155640373
32118815 37185854
25119212 403957980
71423379 258300362
94945054 208715196
120532813 86984384
63697884 52898183
83226959 357124826
98295322 85871218
130830924 75681830
128132237 142566476
74826562 147471567
36571367 289955323
85134448 331874381
141782686 299851899
68943297 103599858
83226959 400224907
123783088 157009224
61438158 343072184
71036667 314903844
123404554 214729315
33939708 380466762
124269392 190248084
110961393 322826382
96178236 359042506
28155623 31322561
1701869 353688278
32031912 45510852
46121868 232369193
31997092 374333865
110679472 201872745
43527099 38324840
128132237 312573688
124269392 234710050
36933597 374733313
19260041 256123841
124040128 294420050
90481932 301789092
65663678 372944210
120532813 226941580
31786460 61756506
68898846 237404603
30284767 172290416
126801060 308179159
29613524 322946591
493185 94966055
92218067 393469218
81500436 196133196
38393616 375612201
17729908 243312113
66805194 137627794
88449184 306931036
135038694 39607693
113299650 333056218
77253471 158965491
62059103 282989515
493185 134058902
