132773972 159434922
80861721 125695683
27726777 24126364
13546800 202804844
47647634 371610206
73490341 29434440
88257423 255225179
32531784 319312101
32345386 284614075
74022105 187922462
24247123 351367888
16896741 92641107
21968456 357217404
99030368 18174644
76477693 136670922
43294371 209034921
74871408 402578186
82816917 167074648
24247123 2402710
130319037 12983775
96205707 58727293
41657821 104684243
117883202 132993434
98158859 157984068
39819685 187922462
74871408 322004966
110488779 342310849
64942113 161753864
27902356 182621056
89587988 359853269
130319037 258825806
95336587 167074648
107863206 385466119
77935067 206566961
99030368 381542993
49616948 241873651
94770747 208715196
82816917 95269491
103796501 254833933
129077923 20877
139606240 125593389
89587988 240667639
98158859 157070242
81500436 403969021
9892292 213700549
60473530 272470489
77934101 390752204
49302289 168003142
49302289 177063975
42557900 140373663
44038985 292431660
11940579 44995802
116495042 120331188
98158859 242048232
25215291 347618619
138059156 252466388
118701490 329517223
4510741 199194859
46563819 283212198
130319037 404364226
64087996 299274451
102062853 301380340
64053955 162555639
41138859 47674617
70819814 376461350
120659682 294167986
112618249 153351033
21243187 311918950
133338433 82591171
57118259 155386902
88257423 391267330
126627380 316816595
142366327 221898358
120571369 183942667
138086251 132985073
76477693 243968173
98158859 39622653
108000569 170863487
17168073 7266893
41142803 59071954
78279188 358736952
87665729 350674375
3653864 60121083
6866692 78684740
13446415 97150937
93765006 11370196
53112590 186385170
85127642 152770619
103701413 300129514
41138859 93978241
89587988 221145502
39980904 257803450
80489520 174321644
119621996 305028035
108000569 228452225
49302289 326937708
67323837 262933372
92993610 209966378
88257423 108644031
36696186 289800031
32345386 208197179
118701490 284431517
17168073 115099158
92993610 264421166
119198255 385271371
41138859 306147085
67323837 237788810
88980512 129354243
42557900 67255529
58224399 384857587
58122881 353420779
49302289 259689550
98377685 217216344
62909863 217452401
124027686 255201284
43007295 352940544
60023876 263775736
130058959 50176112
42557900 117850055
41138859 15680323
11594957 381228536
130319037 384020192
22393062 35742780
4883354 271210798
87975311 24239668
78964654 349441254
17168073 29432090
122995738 168726061
132925736 225068007
28155623 404102478
68896342 362381499
85525551 246262133
74158682 88038214
142366327 316778306
142366327 128440805
39501481 346200585
17168073 211151290
138086251 131870850
74328646 315259392
15588377 164732814
67323837 375127026
82816917 157984068
118701490 218972512
9711778 212379175
42557900 165101425
4883354 212901015
103467877 187050873
108000569 38111777
81798871 319957157
112009635 979596
39501481 123339153
41138859 339383287
45855740 244923471
142366327 250797422
88257423 35647913
136641136 106191449
33634367 369461606
17168073 361450789
98158859 63148169
93177484 326132323
24773114 236749108
121323018 310642868
106479971 291803673
49302289 141655742
103701413 203974062
13604389 66587857
10350270 397611151
75808886 183415058
110896346 120535923
136641136 274836865
18292649 33078657
98158859 260030270
72597136 167225518
106479971 212850221
109277485 152300336
81798871 78239882
82728623 102015835
99030368 318364929
133563346 272969462
142366327 50725202
70710134 21692068
10286090 279796104
41657821 375537311
70819814 400502038
24247123 380499955
22666062 307792517
114472199 50725202
102332975 138686102
65851171 2432119
68593644 313891623
136641136 392593393
24247123 398070482
99030368 329680480
11594957 4201674
32573394 386879462
126096623 105212517
138283135 214775732
120571369 320833376
61836835 20184314
98638050 329373130
15709274 48804062
44038985 129942846
134220323 200725152
36215529 62964370
73490341 348162084
67323837 39230697
106479971 169027874
49302289 228140688
60223482 125593389
98158859 86790678
18729544 355822806
114472199 238718140
19187898 63965101
98158859 327961155
134621848 96984603
36215529 136052002
88257423 23649812
74871408 215810193
92993610 302652139
10350270 317137669
117604582 383609680
84022137 325718641
57922834 49785825
118699945 140665437
59631495 162735056
41138859 308877297
131804738 370200427
128532381 195225129
107863206 54307292
24045086 181857151
128532381 61410695
16891565 224861726
130017399 383307156
11594957 8795976
129377820 303879089
73490341 222048030
120882680 308384412
85381452 262407465
120571369 344172762
41138859 96773283
6020290 231416682
130369251 113808155
81415350 300930741
76477693 252954059
92993610 7560929
49302289 123207249
49302289 133295955
60473530 289552080
39501481 110777807
104682831 315799577
82378875 163595616
108000569 89174022
24247123 134058902
77364367 395347105
113360962 90650965
41138859 253269082
103701413 301049322
71036667 186131400
132773972 403075413
37970659 86302060
96561156 318182789
133023935 46897629
133563346 211103902
64547732 235755069
96788069 329564178
41657821 226518507
63105422 301948163
81798871 237755973
54267939 60951810
81828767 234720167
109159794 262138348
68632763 314347430
126611400 235622072
8040091 106178259
70710134 116021861
88257423 220524856
98158859 24158381
33318592 243295842
98723285 248006691
50059367 34214530
15894042 203604988
14217475 353599217
25215291 400334821
116806409 154425076
128038357 152459162
67323837 272468038
39501481 244741274
37248524 47898286
49302289 280506644
115965957 18590971
53964738 264105416
22496560 380274837
96788069 350778783
39207286 105764214
98158859 263860635
122995738 228262727
32345386 104554408
142366327 117665034
28155623 286999891
129077923 112351077
92993610 152705415
36933597 162555639
303013 371102601
59672207 243884973
101920679 360523596
133563346 389022086
78279188 249141055
137015441 204059279
98158859 316254860
98644761 399430249
124012044 201409504
113391797 21522523
92993610 41976388
142366327 399346244
74328646 397670044
92993610 390752204
39501481 37812958
76477693 40671814
35320346 349142495
43007295 293818141
103796501 393642172
128132237 41071917
76389315 135069422
112618249 110291751
67323837 170179240
84051224 41538030
18117036 379514649
53964738 317212594
61836835 156030684
84666988 20060299
49749880 315015802
1434119 203203557
137803919 125509498
70819814 166483467
104682831 114201441
108000569 395740289
122461063 243922161
112928272 369918126
15709274 226633059
49616948 310382274
8275394 209430919
77364367 8249179
103701413 264110129
24247123 256506746
126536985 378969001
3135836 10237913
17168073 79857054
67234945 176382796
118701490 325648940
15709274 386303615
92993610 378234620
27726777 395897269
129377820 155871962
92993610 335261002
1434119 388246464
80489520 184831200
116357641 179824487
68896342 121738013
67351789 6975016
85829920 26452000
92993610 38607288
41657821 88064781
133173163 21867636
86116473 122189389
68896342 7242485
95336587 206882715
121327817 44601398
118701490 220814495
131528102 123647402
141555796 91799230
24247123 371437132
68368944 4870006
70819814 159334714
139277928 71492504
99424857 266624955
37248524 334149114
54267939 108942476
129980818 335309109
15709274 226584338
81209558 385271371
48182677 352100223
63640171 210180954
113143246 104923945
71022760 403660034
107863206 401796360
120571369 386879284
45756119 249226520
67323837 284848928
43527099 293103308
83313891 154488834
16207363 187922462
49302289 3568087
142366327 10710044
98158859 293281077
106613402 67529335
138086251 71895715
113360962 68045756
61836835 325431549
10710762 69386983
131528102 233706478
51631578 239300087
50127153 306931036
35320346 330287036
49302289 378000466
