698659 309245869
73255004 283338690
91542984 24692872
24045086 79985267
26002289 323869635
608319 325988387
60420048 80123266
119370179 108063504
99218322 19666759
138086251 22785878
67275977 143946720
63105422 105003327
67275977 356314713
117460848 202917692
18055477 386807036
42605292 128727945
35717987 10902990
39691727 243554478
125086882 224096832
127845416 294892980
84270583 110777807
66264769 403867251
98638050 184876013
117460848 340198958
99030368 172500356
43527099 61148939
117046521 105332124
77223060 160030752
64158384 328137509
19381333 139851146
41347685 314949748
98080912 2777562
138495343 43301915
127951201 197488747
128575721 132976657
42605292 191323315
127942702 46507554
120595900 337164027
64158384 153561212
41297247 96430347
26803027 283435436
40907060 317721381
100576625 328729647
57532744 40617575
88980512 219437589
87623885 391208468
135460068 403867251
53892787 354857864
77187176 262112219
31506265 293103308
64158384 162310887
61836835 96179099
49616948 188883228
8989578 25927059
60023876 339648209
25266604 382647560
73255004 266688975
102933198 387308632
132616725 244596513
116780169 341318777
116557679 158861296
91156191 211426123
63479831 270106219
114425805 56051282
118701490 170728503
127228302 183565201
107474719 356116326
84270583 217960720
133869699 70933110
125086882 261770432
35717987 125497705
117046521 180329151
42605292 237726226
87623885 87024473
24045086 351116348
127531045 267762994
40390023 61351959
60420048 385466119
81798871 290490502
104090991 127272512
140334474 116866949
91992860 65755351
109277485 315415227
31506265 318867343
132940744 306734514
138925357 38518568
64158384 110113177
44552395 13160410
360451 60141893
38277909 342688981
125086882 29259741
113395505 107844591
122626233 22333752
1561610 85883851
73255004 319081358
67469321 63225665
118701490 89025646
120083395 374890725
51813555 115045934
96833374 368942274
39817255 130788653
108124253 360242884
119370179 622520
111492575 301735387
107054952 239200348
371408 83937996
96083423 217228290
94544144 14852024
116780169 147358654
73255004 89595606
19550738 314041390
78526890 63886298
24045086 395598457
56481194 89242693
2024732 151119175
117157065 89242693
81798871 182525592
8442041 191282940
87623885 55527410
94544144 85739281
127228302 206932680
100076457 124610463
117470452 27217089
82719928 337342295
95507515 11335750
18055477 331588972
7686058 46615921
57180760 314558112
50651876 274840812
64158384 300696333
40439823 276678577
67469321 216940035
117046521 209380575
116780169 150998000
87623885 28347429
74022105 230585167
18909506 119195465
131890646 293971538
95507515 246331760
100673378 120280030
28810746 169213931
71159805 71734769
38932958 120582420
138925357 60875971
66108640 370873318
67469321 112751434
83953028 245011584
67469321 393830546
77918889 398252106
109090637 140772475
108259909 107988807
3416128 351116348
117604582 315643365
117046521 390447330
128463 374890725
73255004 356868839
35717987 62312731
67646195 175255499
117157065 134058902
78526890 360515111
4322575 34136091
60296781 122057227
67469321 81368418
140381135 289636460
63479831 323447765
37248524 142666528
71084312 9902650
102100388 158824352
63105422 344185104
141782686 115842631
34963501 152474707
61836835 325636713
87088035 91616766
108836330 293153975
15021819 347499348
117046521 201197162
129862703 394960032
73448027 146297115
74022105 144682815
114999744 87805074
120595900 129809646
64942113 139605901
41297247 55099417
61737570 115028889
35717987 140155003
34024423 223578741
117046521 170967256
1042935 217233880
108124253 376892208
66264769 362838502
114497655 186533171
2024732 359338458
96083423 163659458
99030368 266711344
100576625 394588180
24045086 269513118
91992860 36351033
48182677 102541882
13925946 188005659
129862703 8488361
100076457 101276445
135817531 125666923
140381135 143522509
73255004 95265836
110829151 314903844
117046521 310990503
124885311 78511839
44552395 77160942
131890646 95854595
87088035 275335652
19316792 54104478
15012976 103682650
26002289 10372730
67469321 389582895
91529255 128349585
84549991 48729425
82719928 212544827
131890646 328062713
18055477 268392000
69492604 121836946
78161252 377599591
11005406 109903731
67469321 165386504
131429910 112953015
102933198 314903844
131890646 27646175
34367769 62529516
65184262 94803565
100764607 115851820
82595029 152474707
5415211 80883089
18019425 147759593
5957816 292355825
19316792 246124882
84270583 77555144
60296781 314903844
85784910 142807171
87088035 53582173
84549991 224111653
39358454 373241695
87088035 148727775
10710762 252333261
123031780 211151290
64942113 60608124
123800145 62894818
31506265 119651796
66421472 392092271
5343879 276512108
114425805 399757811
10710762 398565708
98295322 230922615
73255004 226751291
82674597 145896995
120830652 125300540
118488557 243623720
95507515 31499291
120595900 109535021
117046521 350666653
105373655 355345177
6843786 167136257
43294371 23030313
108259909 380869354
34561421 311490252
71625393 328309866
122537025 42309031
97737338 301258303
63479831 201790964
67275977 136400577
117460848 373488377
112576684 153499516
96833374 127367510
31506265 152474707
129862703 348893390
103253059 221209178
67275977 379818825
132940744 10304195
116557679 239215586
102933198 39788514
29036383 286120430
137190407 339105455
94376746 235250190
47636434 20629778
132861536 21070039
48182677 136364661
34367769 220057044
94376746 35536402
132240407 164666227
120830652 349311184
94634280 76217523
8835073 113329038
59194752 340874916
64158384 44290686
78279188 249141055
118825889 300509709
112576684 364356526
43527099 100060385
109823359 366945579
43527099 55527410
77483187 345972671
138925357 231192206
67275977 365148304
107966330 115926665
118825889 120391950
107474719 75983119
110403987 307406307
51578997 201416601
138925357 112853699
119914664 297016086
67469321 274347741
74902831 224713225
99030368 221206481
71999129 271814504
67469321 128013239
57231536 400973907
95987493 201405688
86236991 391408002
371408 263751150
91156191 403323341
124053750 120896743
40439823 122231601
51578997 43369732
108706810 399830165
19336893 115028889
2344622 157984068
73255004 217094580
87477352 283175793
20711730 80446342
74022105 255910490
24045086 130379440
140921157 391036509
96882763 386664859
5957816 57047804
48182677 27636353
108124253 397558884
131890646 34223154
30706543 313505678
100576625 86352757
18019425 29459272
46089966 182355411
23329867 150245677
4322575 203906865
20803556 3769623
131890646 20650412
15698093 150337829
19550738 299374365
77223060 393973471
15612710 80404647
31506265 59478010
24045086 20934172
19785023 74778459
69545007 233293169
107667652 122746468
73255004 16623603
71159805 7506300
6629168 290632289
117046521 310585817
115409546 364451640
120776088 124002679
87088035 102508662
19550738 80316472
64089824 257185299
131390205 347877350
58224399 319343603
107474719 283353018
121717836 80589564
113395505 244744584
34939780 137787943
9519889 368060624
127531045 161454895
115814132 164666227
84270583 376291862
137954444 290628251
56481194 113376416
62193211 335309109
67469321 42948979
83752696 6501089
67469321 137944654
98638050 156002609
128458555 361190274
87477352 191586370
88332423 206807320
608319 229879481
66108640 141109138
106473961 142375514
117046521 255963463
