106042420 101459563
39470736 97398123
99030368 286474930
12356678 179155447
38932651 237114709
109684252 148378537
32455786 194591138
138086251 72770797
97276187 134854440
99030368 295826774
134943159 283800050
96021761 50043095
105767002 125695683
76395928 347510375
82009033 106270926
141572511 316361971
64087996 396525706
101926940 39622653
38056569 382746614
51898855 186386075
118825889 29484477
51450804 86448481
119905769 393015390
111698341 52882791
112982989 336715742
134943159 18460725
120403020 178504330
14100462 77146636
38940871 2297322
68074055 92978943
100781485 244597195
76395928 235948291
126629557 206047533
39567595 306931036
2642753 323301849
102100388 207392983
96728721 318493564
141106107 185126108
99030368 125009340
39304410 350592423
101954510 163676875
63643294 282060863
80998112 278222910
18985911 227105279
10286090 20260455
49749880 35197691
29453063 143843464
2616976 248140165
120675225 260128624
64087996 51996121
41998693 404114025
120675225 200753687
120480241 47645955
59194752 240092338
72103375 319363150
96890729 150186308
73727201 285486415
136285143 240260863
88449184 341783297
66201870 248349877
104512968 188747826
112188013 195846969
2989488 11881954
132927997 53441111
109727732 329780781
110488779 363227319
134943159 233730804
44037373 59509052
1593847 157758618
47398432 104542777
55361839 38029348
99220736 218415196
24045086 192989311
134621848 212921478
103064485 377587041
45635084 394657714
41999826 387686760
101920679 17338902
47398432 331101927
59679231 353300096
80998112 336588898
51755975 228711402
4883354 338025853
44037373 141541869
63643294 119515537
64942113 85794087
95507515 365933953
15657391 295190565
58122881 338145456
70423379 118000484
106678728 244109863
103669711 68078895
69545007 154449377
84445939 122049896
2616976 260304833
86925644 343921282
120480241 155169826
2642753 369111787
88449184 253441080
104512968 55892519
123814396 106542643
21134416 67924612
123141066 304882337
15554387 59317968
113896335 92219883
98080912 13213512
65599804 303625840
27847318 259159059
34390644 289078722
84051224 295396201
94625250 235463825
78948943 12914529
96021761 42398838
95243829 275586
95507515 180652009
89280541 182495466
78948943 75749058
128341590 386968879
58003122 264976116
99030368 384891734
72103375 314041390
105373655 353548102
43469273 10237913
85330726 207702514
78109343 110970363
65800700 374827635
94653084 220242023
116106398 294493897
98167934 71985415
34937456 243947878
115163806 295691862
94653084 234572062
133563346 157069944
30172262 94629604
86993985 372707380
123141066 404098310
114118982 339869938
48952506 403867251
64087996 180902345
74022105 50228043
127525011 187039209
41999826 271654959
34123658 110425041
122224513 84959732
124027686 362980591
35320346 55671216
81355882 292203482
101100724 356120439
37276172 94682510
140381135 189362760
57231536 382479318
103669711 61553448
133641782 21893634
107808763 192203768
95243829 104760743
68074055 389369791
46102349 229146911
33543261 335750216
65663678 55767877
32219902 70790887
102212715 279966091
50556227 153101309
103669711 368064231
493185 314991541
50556227 177505671
121323018 352279557
39304410 114201441
2642753 316623025
31701455 333429840
97009883 31000854
48182677 4879674
120675225 105654342
68896342 164410721
103425303 68000960
45635084 140406875
99220736 108941335
10286090 42847628
118701490 397007687
111698341 261890
66201870 17944347
38056569 112487346
86295623 247286927
121310717 379626736
74703764 234038882
131475641 348075786
38932651 349922298
78109343 322681958
85330726 51673627
24236828 67510674
114118982 52619285
10520020 141900268
82092609 91960331
114118982 124036316
41999826 138697873
63643294 59934177
120480241 147797287
96561156 147860476
41858386 374312918
120480241 303537771
38056569 116116173
65953023 383472921
132927997 62487036
65800700 354554447
12633543 378018481
37276172 149751243
57231536 271203900
59194752 341979457
41999826 181089440
7572099 50725202
41999826 346380996
120402855 392933209
123141066 191835159
608319 298332235
70124937 226468331
48182677 176938762
103425303 66722357
41999826 101672282
50301733 245261041
99030368 2416521
3503734 148901752
48182677 339784989
132240407 278473300
45403091 290543206
90472432 56596638
41999826 173306879
2642753 110780041
44162575 296175315
134621848 395116819
59633193 275730946
137999315 388227079
104512968 274996797
41999826 28589634
116036613 25848745
98119124 255764916
48688879 145184480
35661127 64630300
104512968 99268924
69545007 181178204
82009033 26134686
120675225 80446885
2616976 156147458
96728721 117478694
112302007 358301749
117374212 404338524
88980512 365398869
116045466 393642172
25849481 146657201
122995738 103609430
142181977 88288120
124027686 183618102
132949381 317874072
60420048 55592412
20048853 222179332
127665610 52950565
129911493 379300528
113896335 261532062
99779405 127487126
84488670 391197556
103425303 245850225
117595647 18956248
104512968 13181424
230169 233845898
78948943 197200084
59344659 227726364
112533984 384020192
74022105 46694002
38940871 277989850
41999826 165748199
39260000 88663061
78948943 51103613
102212715 90060514
77954067 297917059
127525011 166635081
34367769 155715200
78948943 47934100
112188013 262884553
85980172 263977007
41347685 219809814
89280541 394980754
81355882 305561126
30928127 154975578
120402855 314903844
96561156 136507255
65663678 189362760
57814006 125593389
106760980 110382146
103669711 328689347
121310717 323478512
440799 224133647
111179934 65151081
22873496 398131137
48688879 366320763
54460794 135377626
58003122 327934823
89280541 174030772
107517017 213487044
30284767 194591138
103425303 89242693
103724384 123339153
43560698 387362398
94653084 278504186
35320346 219412452
97009883 208140862
103064485 19356385
124843482 169316912
132927997 211479482
42605292 313719289
29606760 177894946
4883354 371626456
33277457 76787566
56553525 379302416
138086251 340058495
78948943 247247974
21087223 264469913
360451 27795414
59488150 70016398
71107115 238219674
87238055 166834692
39304410 278002195
92773427 142015520
18138622 21916616
51898855 30810814
26649410 158304119
100781485 7944328
55361839 274989851
104512968 101591989
54029651 263884571
103425303 224861726
78622535 166100745
119276116 45497949
30641533 376858429
81746762 145184480
134679158 218825371
97641695 115032166
61184967 320766666
56127169 83860325
59488150 184876013
120675225 77158117
37276172 192586561
82009033 19512510
34123658 360863933
88980512 354554447
120480241 279114520
38333048 4023143
134621848 402263096
48182677 123502893
19961647 390181058
12373803 263106000
17902089 239395596
107479712 184147324
103425303 198292381
83399121 70667811
111698341 207136435
41138859 213380960
115577187 35536402
47530722 173343884
18473301 320277780
