28591008 318045087
111625873 115538932
83257584 221028630
96882763 309379865
14125235 154121024
57983419 318759473
124918111 354633438
15554387 167074648
59679231 157970673
87196325 404414180
20311539 259370838
108623128 258014109
3435374 346788200
108623128 286390070
22016654 272794244
34123658 264469913
20944176 299851899
38245519 383129997
101295582 332610231
28591008 87443289
125757503 121546557
130319037 69724473
56640909 255495430
125134076 349503786
96083423 376813675
104891987 392814220
114058541 310891654
89486777 324922455
42557900 134949264
7944698 325096717
60473530 286416975
43359390 364436919
60539627 347382401
110041714 149257657
105181314 303679247
40297927 80946796
132616725 327189872
9204217 230853561
34367769 263498179
72874817 349922298
140332355 334250391
26873143 181823685
59679231 187667600
85901586 126472634
73059824 31672257
69492604 373018632
72874817 341476240
32531784 32140597
23549038 145237674
102096053 317869705
14419615 381747656
72874817 155410410
78109343 371889040
5451459 74645983
116820409 253630921
115036475 8876171
27338801 361964689
28591008 256777229
30162185 56516362
132658166 219234715
137179190 193827524
9204217 56548416
27593342 176347681
96882763 395614699
46758215 186385170
69151720 219395086
27726777 305160642
37974562 161776720
59679231 299754398
101295582 22514559
67469321 233292622
109032631 336827241
67234945 154734258
66420329 229906464
56024287 123339153
3435374 42222098
44552395 57398757
121365900 106345522
28810746 263058122
67148812 398752983
31929244 11890373
39163328 360354385
99030368 43349306
101188991 301735340
18292649 223703041
138830255 224217735
57983419 146722982
28591008 75350058
34963501 248926217
67148812 28332465
102393816 337164027
100293116 221760421
116806409 349193466
96882763 200586227
95511335 336428085
126696594 79988184
27902356 161353563
141765235 156578308
131982300 142111628
101977649 140269020
94376746 17741204
40297927 148743271
120595900 357495173
130352942 143665344
69103074 84706177
99030368 268349999
81748169 40525678
110805144 380604045
126696594 400065348
31929244 343962086
142181977 282049880
59679231 237469370
39988135 102015835
115167538 351069490
7176156 361093183
3435374 165405640
9204217 269506703
1484148 387544580
121327817 23383350
56024287 106542643
140894350 350395267
111625873 53133274
26873143 150678419
45927875 123339153
118701490 227382422
103188393 116419948
36312535 274986037
24063501 242350293
38245519 303498533
102096053 169306677
35175499 269961649
82416448 113512490
22016654 74256843
99030368 1570220
141664851 15575517
31608952 95784789
84371558 234841326
114084403 326149886
7029695 262112219
69103074 261427122
30284767 155822675
96979075 320440659
102096053 312305634
131890646 158353742
131890646 95787588
118701490 63827807
43592775 31277470
40907060 216156212
89090445 109899141
7312643 362054492
102096053 100541322
114273462 386092725
44059108 325638770
66108640 122057227
26873143 195529830
101039105 161301788
28591008 32389973
102096053 390371790
45761927 237157604
96882763 18530366
142344317 207188539
130319037 75954846
493185 63278556
131890646 381471326
142344317 285949544
75656155 375436202
83621454 271792924
72134145 17774609
8583317 256471402
43496207 257208322
141765235 240566601
83313891 334253481
68810875 157402071
69103074 65519807
132925736 395809099
27164286 128686213
41574514 159484122
96083423 289583352
141765235 309164113
9204217 110654411
7176156 43277789
102096053 27342402
111625873 86766187
95511335 138778580
45927875 22302304
108124253 213852468
68810875 40775757
23865567 62954417
115036475 88766969
38245519 349033154
47636434 326937788
108949633 16672098
117277103 131405830
111625873 257064130
133599662 404069804
32131028 248173521
95756391 315644844
142366327 264431254
96882763 132195396
100660281 83932567
96882763 11384444
69103074 61078524
44059108 292990768
114084403 1871387
123814396 175957535
43496207 128030238
69103074 119056077
81798871 368891361
7176156 313368682
105181314 298332235
96882763 69840714
56707430 20120298
28591008 276397205
74902831 146599606
83313891 162488414
96882763 271096928
98158859 346257810
106613402 404225865
99030368 28846710
40297927 34052120
104891987 300715490
126696594 270104085
2344622 134633443
95511335 236420920
94634280 197504708
85127642 345192223
99030368 341497760
130319037 337598354
102504471 157617756
82416448 234251804
30284767 172696944
14035158 174100974
95511335 284995713
72874817 200210073
101188991 130878449
104891987 163001902
43592775 230824003
6629168 323740494
120595900 228997686
7500925 349008471
69103074 30029378
133599662 311756341
3115117 200464319
104891987 261448660
87464807 295097363
2344622 5577451
132471738 112589217
118701490 89644980
37974562 328680714
119131148 121006786
41998693 55209284
21968456 167225518
118169472 144891978
116820409 87155917
46350939 102084576
44552395 163746994
96083423 1421814
117470452 209618878
109032631 293500015
116120712 253339245
59194752 236282181
131890646 219665486
1484148 80389273
27572899 261330424
9204217 283825380
40297927 24042755
43349169 31238685
69103074 326587054
2344622 391551971
139759180 80123266
7432045 272985263
131039248 353286705
7944698 354482398
118140577 84011600
115036475 246175482
26873143 283360369
91756742 95071341
131039248 356456939
72134145 203686881
72874817 204966491
134200941 10237913
132616725 287474365
100660281 160850104
89587988 147500185
85265002 310411889
99030368 150499723
3435374 148948745
98158859 261860656
30284767 348337307
125312747 282845777
131530044 118595236
100293116 69825361
20311539 277782556
20311539 115375069
2344622 377220746
32219902 187507086
99030368 66641898
9204217 158636794
1088688 140066067
87464807 51928638
141050630 320593836
110858443 215308886
43592775 145747086
50923699 386068515
56707430 386649020
103188393 299904761
43359390 209713548
96672008 95855983
87492408 142545163
72225030 285301481
110076002 247464558
36356418 100896819
9204217 345533974
71073370 369519262
39691727 168519467
84371558 252143471
102096053 340157779
126696594 292722132
27902356 155666185
99030368 57157617
126696594 147764953
100660281 331422692
69103074 377078061
87665729 230969296
80179233 141686475
105181314 102815925
72956422 60437441
56024287 313238601
142344317 302578761
131890646 184264885
56481194 214262410
107667652 370359196
131890646 120761981
31929244 310395038
65953023 353457720
85265002 352356450
131890646 385466119
36312535 297853044
14805793 91554316
102838333 291410528
89090445 197489806
23900257 63278556
58305040 393749002
40297927 127064020
39524581 46830179
44059108 260149400
847362 213558215
38245519 19889039
96083423 227390480
56481194 92805847
122420696 351191790
7192667 18956248
37955794 53489369
118701490 154925805
59679231 43488726
99030368 142339479
72134145 391239408
102384012 76188330
31929244 31560234
93945234 404400659
9204217 101184907
141765235 269161274
75656155 153627128
69151720 297773409
132616725 211557072
55906915 246667133
135047644 335309109
93945234 209554581
102096053 239406640
87477352 364659986
31929244 72938985
81748169 89242693
139759180 246397777
28591008 208695591
16873602 288262678
108124253 65767001
93375240 173378542
46350939 201556614
111625873 150759163
28591008 304310749
87088035 16969753
3435374 303019227
56024287 98304723
31929244 10784804
131890646 204092055
40907060 299435433
139889630 35955437
118701490 106369250
131528102 233706478
110805144 46933601
126696594 184587069
78161252 299448605
74902831 91372738
40297927 18969827
28810746 237957115
9204217 208387333
101977649 140674164
