3616868 1928819
132634718 303091457
73570970 47052474
35203286 321475306
100945241 197968368
47203083 371839537
7686058 267334276
48866597 84011600
122334372 142015520
35284607 366378921
71370759 96640577
31810270 300991619
37970659 233453596
71370759 333911029
59488150 233292622
110632475 233292622
141361543 56913325
132331558 143323305
129077923 241111571
121928205 342800728
34123658 288306756
34123658 267705724
12048172 115108623
29144404 285835534
48255688 176913886
53706414 86933040
69151720 198292381
16304741 206202305
15612710 213094788
51003537 144565230
51003537 110848402
51003537 397548853
48182677 350662435
53872916 330481947
129077923 255420157
114058541 310891654
29927052 268570013
3616868 174806235
122869892 308786870
38940871 2297322
131578590 304032107
141106107 268570013
125133592 87318844
47407626 380131922
48182677 111692440
110632475 375254201
137292155 380631117
127609734 169413727
132616725 327189872
99030368 120583411
109489219 302025964
47174804 112685498
67234945 170742994
133563346 380561362
31232686 230673480
122639463 69759055
39705101 78415780
27572899 279026839
33469659 330101929
74022105 135494766
60023876 290245902
64087996 71719954
110193997 30182420
96737795 172583243
18802476 219129800
28821133 92054035
74022105 191485512
83675321 121909308
100781485 350378495
37889013 51805681
129077923 325689733
37970659 212550441
65455483 277394949
88449184 372637163
69151720 246397777
75023723 367666974
53706414 390193782
31338178 195849286
68023187 305241417
60022410 325611711
38056569 287572547
31701455 175957535
99512554 84390158
41999826 245481683
7166003 314321327
99030368 396010930
102165465 84184637
9268414 83719567
35161410 251303203
96728721 63460917
51003537 132143920
64087996 143515959
20544860 301901553
100781485 134632501
38056569 298450551
48182677 170974968
65234210 170557427
140852942 13538748
49310915 351033901
74710317 123339153
3616868 178023664
57866314 15737672
56127169 337123480
34123658 165101425
33086149 167236549
88449184 299099344
84675350 132192317
3616868 142368406
47174804 307882231
28637703 165636136
44038985 336695759
34123658 217755982
37898194 1994435
35161410 203561022
140399391 332111433
86347757 181247707
137190407 219451801
59488150 167065439
78526890 63886298
132925736 143149727
99030368 323349755
35717987 232136425
129077923 236209830
47530722 199848831
84675350 18027425
35203286 251686348
139264243 187712754
129077923 165443693
61954771 314504091
234304 54959734
105528903 307937147
101343825 195624962
122995738 255103323
107517017 6540155
114728469 356120439
38932958 329981261
102175750 129036312
70220697 252943710
74022105 53478861
42977680 289330031
37889013 165920937
49749880 139021395
69309944 73922938
93460087 395809099
89297848 56682633
38932958 132690080
54209577 275920994
6629168 78124596
33086149 353182519
35422064 180649035
47141960 165101425
50301733 324245394
60023876 124470977
96377576 34160536
125826318 344861916
41574342 12937018
125826318 266567558
107851091 159614134
70351058 23509123
46476731 157406237
63116645 88064781
47587432 153436607
90254543 104297358
95243829 258300362
71370759 400878726
83844936 270325627
54209577 92800320
103724384 141237014
133178328 181428821
413028 210147377
35161410 128182796
47203083 134067083
87161319 207823594
135263255 341049393
59223120 211987481
132847169 69002869
47407626 345537853
22272451 99595828
10624647 100336523
133948296 134776158
126745464 349808021
105181314 49568917
114283742 317773563
47203083 274430385
87153696 178861843
138384284 312425323
41858386 167763890
69151720 80123266
83600444 396518876
102100388 158824352
33086149 257797542
59130195 48833281
139133668 24688305
17987872 292868794
121928205 164115638
82865098 269560977
132634718 202278369
110488779 370625938
29144404 55267732
73570970 120788364
133178328 294682761
84675350 146384390
108566608 272985263
95554894 359948145
62494076 347801510
110041714 356329198
26842732 98057100
54209577 73457169
92468821 142943710
42977680 374214353
116641691 282440159
133178328 314693914
111698341 394767076
3616868 15969853
41999826 193622283
98638050 160149516
128781332 52684036
76360564 238773907
74710317 123563600
83844936 49002319
35203286 101484242
59541795 403969021
3523116 387459938
141565666 181586071
74022105 259949480
48182677 300488865
61168 83794623
71370759 157329969
8033491 242377729
3616868 86052009
95024669 299902998
138810986 274320430
49749880 113504845
47203083 246177780
65885234 100888644
35203286 275294996
47174804 93252173
57402210 379686390
44616691 106436215
87153696 30486902
142344317 237968901
8033491 305653094
99030368 56309443
141106107 320980891
63697884 144630025
34123658 169746255
98158859 136156004
23731773 278243696
37970659 165474409
92802162 306759812
120402855 314633261
121545499 332176922
114644257 162612670
68810875 257962582
41999826 3828184
35203286 240741682
141106107 382417631
129077923 260658773
139133668 174598510
10710762 209937645
413028 252480070
122268898 258895784
125133592 146234317
47203083 400409700
18425591 210381300
125133592 388885821
99030368 181217263
2484561 158741678
53236012 363529932
110041714 320632643
47174804 135069422
47530722 373411796
103724384 285983732
34123658 310413593
125117551 309984252
96728721 30836501
107517017 268570013
133489842 305321382
89662943 58707277
64087996 331514391
47141960 319363150
35320346 324663397
98638050 177305185
92028246 9902650
64087996 23843476
37454396 269794430
81270790 265062205
88965791 121294019
87153696 114157404
110041714 361893374
29144404 76715255
41858386 193029785
142190311 366101395
110193997 36334426
102100388 130095692
413028 346788200
2074637 375647443
29579872 276315888
74710317 235007694
110041714 172790522
74710317 224712801
96728721 193351740
110041714 172290961
41297247 316619075
39980904 398261505
91020497 11653679
74710317 265770904
51003537 63412628
84675350 155069080
51003537 222943180
60022410 1648392
16014532 277065175
141106107 379913468
88164862 280582131
129077923 234619448
64087996 219483645
118701490 387109063
138495343 370068514
92468821 175312444
37898194 82259714
99512554 188909436
60756558 157196064
3616868 71418796
89662943 323630654
24447145 307648963
16873602 211217287
53582181 162193997
108925448 354857864
127960021 91041611
65885234 321760595
110041714 148993697
92780637 194714089
84427683 179154372
57866314 118000484
35661127 232867655
28375714 254011390
74022105 132355045
51003537 68299590
47398432 131904115
133563346 2416521
36886015 234517519
87153696 20318047
9268414 192236235
137292155 87030081
16014532 337813089
69103074 229601999
35717987 289879399
38056569 87454673
9506719 260642001
3616868 350425838
50301733 279502027
57866314 368876718
41858386 98707607
91156191 113242129
99512554 363834221
29144404 377144450
64087996 238973268
413028 112141017
56707430 221382387
124565387 139445526
99680770 371180036
3616868 86728314
47174804 134419268
93200747 225918297
60022410 218825371
48182677 357670304
138059156 301802858
131681429 397193817
74022105 9277088
141565666 250396523
46476731 404042009
58101563 239454547
3616868 317849952
47141960 69760221
90808140 181681192
33673277 340804993
29144404 276754240
74710317 62954417
20544860 161045096
120480241 279114520
69151720 233429062
93460087 231443353
37955794 83282963
42557195 189517721
40796628 263884571
41999826 323766273
44038985 22251811
97450985 273811733
141106107 234237438
47203083 44343753
68023187 1802533
97811342 347160500
74022105 350032091
56127169 315643365
32696162 301033509
41574342 232829224
24068503 77071348
11371458 215312136
54209577 21365926
107877583 109899141
37898194 146461016
