81890271 397570301
43469273 329437806
93509184 316555195
13962799 325602857
67334365 174327141
9268414 152484801
6933286 73617907
65885234 254266946
11864903 373599869
33086149 332845303
77646698 64235143
84445939 34124647
38307670 155604493
123488278 232788272
39377972 393012413
109857359 73760924
83249566 21776788
20729327 352015757
133674448 78158459
112188013 245749426
11864903 279655153
11864903 181436625
135308695 119880092
63685787 155741574
69636615 293151661
4035167 247778423
94653084 219845388
132796355 37302565
109489219 101706128
9383251 385512724
27572899 144719977
123001606 78259958
67611131 183769060
115981262 205081227
76360564 314903844
137179676 393642172
132796355 42212260
15512466 148330818
84445939 97559848
78211051 46778453
58100824 303424311
41347685 14666619
116557679 316957378
74022105 371221966
123488278 213678931
82531954 27068301
95766778 254363757
85067839 291782506
77646698 178528629
21968456 392824485
13853005 123405281
139600267 170639619
134185008 210028911
76349919 148661965
29569027 169316912
123488278 312752841
87816316 297207973
89903781 77230914
135332613 67391593
112188013 150959411
138810986 348042037
116302035 275245636
43469273 288775102
83249566 207142223
71738077 136916271
128069985 157068805
20729327 161063755
139600267 10566076
68763635 310408966
70351058 28620597
62623553 141648557
88287026 134302370
58100824 299943832
135321016 146690536
39304410 236848918
48283518 138971980
33086149 299124766
119897892 310395426
67275977 129875257
89394332 335834859
12572107 11653679
41347685 46870795
116548791 386315078
132398202 111861743
68196262 133124112
109642388 10490901
38767950 318542588
38307670 319067459
138810986 152630894
116655732 70634751
93993216 117644089
45635084 340586450
68587289 140607391
69723528 265000377
123488278 357156130
46380691 238714199
112624474 139193146
121071377 228470273
47104269 160526897
74970566 335779593
84445939 272197450
106042420 159126982
43749181 315643365
69723528 174566313
10286090 29349581
76240558 403851838
60023876 284746462
43294498 146405511
95756391 346275716
84190828 372600182
43294498 132216361
67275977 109405568
54606139 276985931
41574342 110427021
55105517 355634536
47104269 199631927
50724712 347290126
27572899 46312161
39304410 135038482
115981262 104265057
88287026 158205494
123488278 373344733
29453063 261539914
48712563 314816653
72225030 41148001
83440180 264344706
34737895 214779442
41347685 233000613
33086149 108611460
74970566 201835889
78948943 2075004
74970566 220244102
69636615 194701908
138810986 361255233
83313891 404187470
132796355 337913138
77646698 25736620
63106567 69796970
84445939 19235090
105181314 328512745
30442456 381746900
33086149 395183000
85758206 262112219
116655732 18563494
139564921 377388354
132634718 233523244
70186590 184686676
37248524 203816284
33263216 378303671
24744728 143552138
85758206 244497368
38767950 186520313
25331864 401262579
11864903 327909727
20729327 377163939
96927552 84941463
114711718 174080897
108623128 234942235
132925736 335309109
114711718 256432150
38307670 214268171
69309944 81466658
8225919 296968781
52402505 214167807
139600267 23226492
11864903 16687858
12329292 395246314
29453063 230914271
132796355 320487598
84445939 181198321
86345448 310923332
88569994 68502372
70634382 271706617
33277457 339298950
66108640 137861092
1897050 362881420
95766778 37756376
20729327 322953356
17471472 17023447
62507458 270325627
114410186 395133476
84445939 214298696
3170687 385397500
38767950 69878611
39304410 261864753
12572107 237588199
123488278 332788804
81798871 317550911
136191973 377086296
58224399 13287956
39304410 41206761
67611131 43113943
135332613 62242606
107667652 398297668
23501761 334369542
47398432 307479346
484555 369875217
94653084 354056176
62623553 378473510
126968590 320436287
127107167 3700188
15554387 45469867
121327817 58219692
63801698 305737750
74712897 16000907
11571473 320525658
55105517 349411313
138449605 317429033
131039248 205059551
127951201 160332075
38307670 192465958
132796355 119383190
89903781 339303770
110784641 178196529
132366208 286658346
57340694 207724902
123484943 176381250
123488278 43115524
84445939 41766967
24912666 83985182
123488278 344826606
112188013 212379175
130902250 174080897
123488278 170309940
59578798 369872612
132796355 121995779
99030368 55671354
86345448 204985706
137876483 404238790
100764607 313891623
17471472 112365367
105099621 146335956
84445939 222778225
33499587 348411
89418741 58490202
12722132 372013647
47104269 49282121
39304410 230051925
88569994 129352376
101999147 273052482
17471472 399033538
28375714 361190274
77028595 392815586
47519738 182585690
41543626 272820054
41347685 66381505
108000569 167074648
60895034 382026738
113592098 184821175
70220697 87579920
131662045 270673744
35580708 77550644
109857359 26345705
23130068 95291726
43469273 252616224
110054445 233554433
137949033 335309109
78048479 317417801
62942804 199249620
116768804 5046171
32988961 342215836
12722132 97692046
43469273 400438509
112188013 34223154
130227880 70603692
19897066 187029055
20729327 50930177
73427429 326574275
109489219 314648659
39304410 249618450
101447841 264276469
3503734 233468290
93509184 102717563
24744728 390181058
38767950 229425874
33086149 275182971
73223346 18000789
49749880 206602987
39304410 320821185
124559448 296150211
78948943 51103613
99218322 302473707
102212715 90060514
112624474 62496291
37248524 378539789
109642388 335979287
64250909 26216981
29453063 389691316
84445939 216744410
69994159 31477592
119948840 247189822
19751884 14136232
66285477 226740926
138810986 260028642
115100866 330238250
24912666 158665046
30928127 154975578
41543626 403391400
142391834 293203966
120664599 176577084
88287026 163564707
42557900 320181554
65885234 365352119
63527501 270467177
113592098 42398256
109857359 275347147
26588361 263058304
33086149 355266882
108000958 229754083
95284449 148827735
77646698 340924452
25119212 404106044
49749880 329376713
93993216 239300087
104859039 295352437
112188013 152521101
121446069 338589764
36886015 81740784
70186590 101276445
39304410 331425596
12572107 368877423
71437303 83655807
58224399 8111578
85954497 31435112
113355385 341578752
102212513 110716277
113592098 398735519
115821604 4184833
124909684 224318810
94828149 156394710
63527501 266060797
115821604 64996307
63449126 117954915
76349919 236547046
138810986 89353318
21968456 224049950
17471472 355241591
100764607 269976923
118709512 4935812
114656315 181630953
124304480 24103171
122588387 378473510
102212513 164633906
102175750 135615901
37248524 404468362
138810986 368198824
91686454 122231601
112188013 397670044
72225030 326574275
132796355 350386337
38767950 13289652
12722132 366925286
89003687 166042330
137393482 313891623
110037626 45104198
83226959 400224907
123013882 155353556
121446069 222179428
85989785 321676351
20729327 216940601
33086149 326886138
31597340 39094850
117595647 141702044
21968456 77436271
77646698 140019117
88074962 273183769
126503281 392966567
59474616 184455060
29113883 47975192
50724712 196693626
139462094 272640102
113592098 346083572
123488278 2162632
39304410 46104863
125247359 75681830
61832555 14164142
736640 351972941
43469273 27306322
109642388 21520454
133599662 33197662
83440180 220719842
99000518 223263465
85954497 87407188
26126094 66030076
33086149 167429511
76349919 333115793
117663229 323037834
64387313 75681830
38767950 89483326
82492837 231595866
83752696 6501089
24912666 295202231
138810986 59151014
122588387 345196927
41574342 159529391
38307670 188176462
74022105 199309380
140141293 378303671
43469273 355990672
26649410 311377654
10286090 283180031
122869892 349832602
97811342 347160500
73223346 58595028
123488278 361518142
20729327 7901818
6933286 399102399
