86659938 80233719
50301733 341476240
18231677 341314670
137954444 183199924
88980512 26391498
134679158 277007459
129729366 341320749
100772220 98723089
110037626 313637354
111736993 322510849
440799 362025667
135126112 208382065
440799 178458836
126629557 193285155
133361096 282806842
88980512 222323931
91775158 301409330
64250909 204076309
70428849 193765238
56352694 200795205
128069985 60208274
34123658 288306756
100022513 275323744
141296727 93414963
35257863 39290487
28687396 215158507
86385789 106914390
90644173 249480376
136206038 131522290
31150503 309892145
73570970 36769161
40907060 108204398
114058541 310891654
110422419 28975944
67646195 52173471
39100959 159080483
4530578 311019898
132240407 294895296
37454396 60507412
33086149 12780033
35203286 328782987
74261240 76635029
129295057 399899168
134679158 171686678
76608886 176013678
140893240 160208073
73264728 211341990
40656893 161932566
103085001 333125904
72742548 371481878
57888518 26205466
93883985 22034974
71588286 15054324
126629557 124415693
49240356 163831725
77615052 155818220
74057376 331525059
4829764 309398672
56057350 60566179
74022105 110335479
66625323 301013690
141296727 150712667
1434119 309834890
120882680 322148210
113161268 86899897
9109626 250513251
36680928 52894881
37970659 174627480
130321834 180173117
68286406 213563678
121195601 178504330
95024669 145035305
29453063 137100377
44443335 214685718
74057376 243379902
94446467 269588952
41999826 387686760
37385058 240003343
31150503 292243173
48610424 322174414
125736325 137220373
72930662 339107044
94159832 210123620
84849812 221456577
126629557 9704188
117910343 22346084
94653084 102145243
80965407 332793358
2559590 239193132
8673852 246532943
87806157 340366882
110037626 255740864
15163123 199289697
45479785 170084046
28836058 14270120
91686454 364570510
122587708 42025969
68184858 179102902
34123658 165101425
134679158 77120450
130580296 306656659
62744953 84699771
24861651 199065437
10751658 265532507
64087996 351477788
37454396 337164027
5964232 71269351
24068503 93121568
48676285 32778191
70318676 210574289
108000569 1923350
105512819 55527410
110037626 336831510
1702520 83607460
56057350 396703487
80583387 159323517
130513004 333978295
64749127 259451590
56057350 277190619
67162826 8094271
115981262 107708572
42557900 326635671
89297848 46029182
130566743 264063277
125312747 30600354
57330963 196837946
22425706 116724954
88980512 167277667
74261240 315693513
59355812 331656177
49240356 372828780
88679768 34223154
36442529 199101354
90091673 307492384
44318358 285301952
57029481 169410294
126629557 308581210
109277485 222903120
39377972 357726471
101954510 73912661
110422419 84173076
21968456 243367096
64087996 88369412
81810569 374951955
37970659 123118486
70186590 371875827
37454396 302239619
104565780 45469867
134679158 121890258
64087996 251407988
4745274 348000231
2559590 152845458
124558693 390634710
72836330 347221497
2559590 178016349
128936809 368325897
139749655 90748848
37970659 385045992
2559590 301755238
70428849 218719232
74057376 228871859
76360564 289509172
105218865 323580335
128936809 49801508
805176 368537349
88679768 140463302
18767493 218544202
112887316 332111433
24861651 212840981
805176 277831337
94116111 88283622
78735780 21957777
37454396 85263115
89076387 63993437
116937648 243693623
61160942 94106132
67952919 61838813
37970659 171605336
122126498 233428770
76214743 134568859
83773318 96242348
134679158 203450541
37970659 9461082
23865567 122541703
108430412 299812364
26582574 105665844
58313008 273874632
141050630 44300975
33086149 370331702
35257863 382358582
141296727 132752074
74057376 11271431
46896961 35995502
36942459 199289697
142357865 266982553
6866692 18189868
100022513 34829783
440799 219812577
46896961 182856238
141296727 160685695
35633068 378413174
139882643 57092078
48864645 247005734
100121590 188183446
73545232 51229425
111736993 188182986
107131173 303625840
119621996 334526763
34973175 71909782
101876830 220664661
138099149 226273714
117910343 359372461
41999826 192948123
85381452 262407465
100121590 252958163
100022513 24628312
114058541 375798307
67334365 166298656
68286406 383095734
131681429 182592616
32345386 5417959
64087996 127915491
88679768 298929865
109277485 339162455
97873830 18027322
100121590 90236019
64749127 146923812
141296727 68925296
37970659 17712290
135126112 287844768
26347276 211197640
101960751 149223646
119621996 143719100
20313328 15714791
117910343 116003469
61184967 37788811
141296727 339607889
88980512 228135916
6866692 225322702
77615052 28608355
15012976 361159357
7231382 178504330
35633068 173760255
112631165 345899115
109347031 331291889
70428849 114102982
17168073 257034358
12572107 369102529
128936809 183033338
139264243 125977389
31191408 42721384
74057376 137904517
16873602 51734688
116548791 110955121
91686454 169311656
74057376 147880256
43749181 311601211
32400706 328257332
40551347 280452808
65646895 263575807
74057376 313581488
73840829 13567153
24861651 154601178
107474719 321189869
71738077 324301474
48610424 185741488
26420903 335891247
128936809 292117405
84248215 306006310
67148812 225947578
28836058 237987325
37970659 2524863
37970659 264035656
34123658 310413593
104565780 29896891
75268661 175622773
86345448 216615151
18150397 231285197
74022105 379728839
2559590 47824687
100022795 3778307
3170687 95875607
69419619 15054324
35257863 101359228
24861651 16947700
128936809 104604294
68286406 400912100
38056569 51966505
88679768 277043075
114255327 44099938
74022105 205119036
61184967 261806995
141296727 111771220
121887994 54782602
15910492 380962206
60420048 156641612
141296727 264647050
71107115 134955998
110728476 280309406
59755763 104540616
48712563 351449260
133696729 131904115
43749181 280146368
122695388 286297354
54921235 289166599
84368466 31334753
41399458 297111528
115981262 180335583
38256256 347877350
35203286 215730607
31150503 259013587
54921235 111140556
134679158 301395506
109926528 59559095
120882680 95875607
64087996 72283779
78735780 19657806
37352560 243560407
28687396 45924221
117910343 316987402
48355452 328007509
74703764 128495137
141296727 136631649
58867936 138398863
123814396 188682010
64087996 197025819
49240356 222417320
27776872 246730694
61160942 122231601
112124836 41002372
69997064 46844881
64087996 261603937
24861651 45820435
59355812 138593800
77028595 299013782
27882034 238145283
133696729 101263804
8057587 280948287
81962720 171486607
88679768 148672829
121195601 310278780
35320346 2162632
117820011 280507867
130497963 263955218
128936809 143215971
1434119 343072184
35565163 40816825
16891565 50043095
15315594 20044438
38767950 390181058
139882643 400862810
125084529 95268379
70186590 224861726
130321834 148287531
116548791 270325627
38056569 358969816
120664599 254922147
122869892 29534069
76419160 133686898
74057376 344456409
124558693 129815174
27200201 171926238
6242446 168356784
74022105 150293905
74057376 184761382
119621996 297661305
31307312 168932970
17510838 277256845
27756102 230214333
100121590 13256751
111736993 170274558
141296727 249385024
35257863 188734206
28687396 25187589
47227501 256479284
84248215 101276445
31150503 31238685
55588855 296464515
73840829 101459254
65646895 143365280
113592098 346083572
135670856 143701743
39377972 364283174
70428849 372600182
30641533 376858429
109727732 3513834
86033500 64514802
34020000 374079715
105218865 230512247
28836058 180757406
67116031 250637918
33086149 183822082
64749127 388605060
134679158 134633443
122869892 58037238
23865567 134412401
126629557 83343958
16983698 186273311
16983698 212705414
15512466 385733334
49240356 83512092
47012128 331994185
54941649 162555639
75280677 52801191
92748027 368771167
100022513 135893574
63545907 105925845
70186590 46914498
64087996 141123110
87806157 268080703
109277485 371221966
