67275977 139450710
33529509 80656313
47399281 366925286
21855897 244339304
36356418 290181113
110848208 254867501
98817070 312758124
117046521 131965518
129620952 123154977
37248524 111152415
67275977 169006107
98265779 101328935
95540279 131010176
64712283 158599818
88879877 43236819
73255004 26198712
116033573 13017276
120680358 169316912
36016747 398662991
127423663 152770619
129862703 325313183
41888827 52374645
98265779 334773436
85623882 156513782
48182677 202104058
5185661 108774232
89817683 149429321
102100388 207392983
114497655 326679249
123742110 294614629
61062450 374372301
17668683 14414329
42912720 142643555
23090493 97818990
90035738 307792517
47636434 309674080
608319 1560276
45761927 250243039
117046521 5944579
83156622 200245132
100140061 166208832
93974108 392411948
38342762 258296014
109802727 180597544
123742110 387311546
88538921 233996350
5185661 24321592
70597643 26071791
18989773 347877350
36356418 98556368
24912666 126045620
136478664 203323397
36356418 196571985
138349945 56913325
98817070 385911248
66805194 206882715
116495042 48165521
43749181 386854816
58866828 132655099
109688356 58779130
136878893 337129676
49886033 263271804
52083718 215925148
19470448 67893596
72333767 32500814
876320 277972292
99030368 375673449
38245519 93143358
58866828 92756863
39780301 218349780
37352560 232829042
43411234 4328949
111492575 285180279
101570788 281818024
121552946 195202997
118625905 271633999
123742110 64726618
19282319 341819022
35291852 386474712
66805194 122920191
89394332 335834859
129862703 8850448
47436513 107391875
47071016 136444548
31493754 84928443
109688356 205993636
117046521 181248369
107328166 188439341
83772729 169311585
72873434 362954356
45673925 34891043
10914712 164839139
67275977 47622627
123141066 70517442
123742110 314022994
3928505 401808902
128871612 55153995
105196966 355434012
24912666 390743374
117046521 240891793
101998375 14444938
99030368 57580029
94544144 75741952
119420069 368571261
121928205 49477715
115908019 240763751
117046521 403293829
97933954 345122907
23090493 313366903
30442456 159346198
116106398 19368960
88332423 291800412
876320 274664146
35291852 235198469
57505577 182930299
99030368 24911359
94544144 139275009
37248524 292243173
92939147 357124826
37248524 313455219
24912666 11930081
11474520 189496806
29368869 21058362
120083395 300930741
123742110 234377486
136191973 270325627
52083718 375442556
104859039 168373095
77954067 303205878
74158682 88038214
71022760 103247502
38353022 191432355
132213193 317951860
43411234 189950789
31701455 47728024
115908019 326188676
23806494 318685936
117359772 32010825
28951963 80656313
19470448 96229877
108706810 294944884
140968041 226229372
115908019 8685115
41500786 321652903
115711412 140486558
41074672 396010930
78490633 57197019
67275977 261548773
24839442 229014967
61034565 146647902
39988135 269914530
136478664 59672202
67646195 175255499
48585859 157464065
66369549 115348056
45085914 386327263
35320346 285743699
41500786 403867251
24912666 211439649
10404201 274822145
31701455 246651642
67275977 398901078
126974880 1428344
24912666 14306358
36016747 88498388
38252266 165196349
36855645 12227282
493185 278478319
109802727 344243192
128575721 190285094
128871612 94006542
126974880 292546809
116937648 309006719
99483054 131156236
130117897 123540203
74898137 347778866
74158682 401201738
74994281 14136232
123742110 374855724
10904782 219523582
117046521 231299234
99030368 346617575
48182677 110458261
96083423 88061704
66805194 62379625
23806494 51878761
99030368 298946095
73433921 397440560
101998375 358153969
19785023 250209105
128575721 184857239
103761429 39387143
74158682 270280210
6038459 224049950
123742110 124763577
79317823 329714549
120525235 151337200
14972188 308106119
30831194 81334228
129979590 158495273
128575721 320424651
1042935 128814793
58866828 137323744
35291852 40116743
48585859 198392355
45761927 278845042
128871612 242076496
135412464 356493101
123742110 99832744
40741759 242351975
43411234 396156473
121149156 363959664
67275977 276746102
12048172 228622548
59633193 350816493
115908019 341942395
43411234 265601927
123742110 141473678
45673925 34712204
72614595 197066328
123742110 48285110
24912666 112649832
123742110 349479872
117046521 47156030
117046521 225061376
58496032 347500323
15625221 41339539
123742110 110478103
131228215 389039472
24912666 14308423
117046521 61779723
78247531 123123537
47636434 199107301
45085914 336629493
73255004 47455480
108836330 35696317
132925736 375170604
74902831 271298653
54267939 239200348
54596791 369021808
24912666 241347923
58866828 16900073
41074672 65699036
130351251 367373540
58496032 13869849
95868729 338035315
115908019 94182157
36016747 61060067
19470448 199782969
19940912 189223858
82255365 36840459
77954067 341322543
31701455 227094634
1473160 257892552
116937648 36794336
54596791 272898760
40907060 62082738
58866828 252402181
123742110 5089159
37248524 18336569
125757503 113821884
95336587 386709513
83621454 313575372
78247531 261954088
43749181 87655574
123742110 336453041
121925800 244923471
106956436 307234403
69423169 201542685
123141066 191294152
104682831 382973511
16721464 264344706
135090452 24311362
121149156 391083900
119420069 180753628
132773972 298915058
37248524 78346129
78247531 140146227
15012976 185300502
76214743 392688611
70597643 34853527
123742110 248980796
77455519 180255658
114497655 43728790
107517017 286672752
54987533 355434012
31662494 124709281
48579800 260066437
61160942 390181058
39780301 203255610
141565666 205381015
86236991 242709260
36356418 285364607
15232121 182585690
117046521 11852226
43411234 17026758
1042935 33321076
53582181 162193997
88449184 383609680
127765808 121524896
45761927 167316799
109068679 181412245
108836330 402648203
123742110 295649206
84012516 20880690
48517391 264839924
60957737 261073820
67275977 279059351
93680924 25271595
19470448 270309760
43411234 218974793
60814339 261779667
134679158 122171877
110054445 259272037
101920679 140486558
115908019 75782502
20803556 3662048
26420903 114721898
123742110 389420896
119420069 129904325
53892787 103302132
98723285 271398989
114497655 88155489
117460848 12904053
123742110 144479443
38719205 61763628
27515203 106085380
39780301 52605580
43411234 108800650
69673512 337164027
5805587 100936707
67275977 28208896
58496032 101274509
123742110 66609712
42818311 46188728
23090493 385760533
8581700 264344706
43749181 283952397
17526434 133854340
58866828 226497294
139432164 354374456
5185661 904098
61034565 323866205
60549556 223500081
90854936 97176789
82228572 85551646
5856316 306252523
78247531 193951929
16721464 295930478
115908019 355079502
115908019 292894762
58866828 18189868
24912666 364114133
90782781 222999804
137791307 69101697
74158682 323497787
123742110 217199909
24912666 324508352
123141066 27742389
108706810 329740240
129692544 155302908
107517017 167172761
92939147 51546655
35422064 379665486
24839442 27796619
10404201 282219801
44552395 94986831
137791307 154461964
117157065 68000960
88332423 206807320
117046521 353747494
