125652099 102392490
26347276 124812765
132228155 355812477
23642835 123845481
57412556 314903844
99030368 260542884
92468821 192160657
94828149 61656725
92076034 147311556
31576782 8052385
87219119 40471229
17735458 115045934
62436178 277897372
30052966 200576603
99218322 41104594
62187608 389369791
16323186 190860281
99218322 81383786
140582594 197486316
116641691 246509976
48705734 184720141
12853815 55304493
16549250 47666746
14035158 385357791
20313328 315385146
66201870 200389324
75392617 96491975
85116925 287956064
87904187 194371484
27882034 124995301
53475119 120427372
87219119 403199741
124012044 24907285
53791365 171674027
132228155 331083684
128379477 268289641
81746762 57925138
127091300 371078339
93651900 318901493
99218322 67652689
70186590 361346418
30187992 235935528
124040128 264449955
111492575 116454091
138810986 174586027
13715846 75460560
99030368 401441652
55294336 28600650
99218322 372139176
36281725 5451943
17718430 176822714
110488779 245635729
4552768 4879966
124269392 21604057
115920114 212928717
113820557 206179001
1928096 404082840
70186590 56072299
94828149 156669814
101954510 386309768
27882034 257208322
7138427 167616326
94828149 147621412
44037373 121578765
89072208 31217322
99218322 404465574
99218322 346547204
103724384 215360820
75023723 331639930
10404201 264365632
94828149 338334941
69151720 114074071
85489311 100682094
36312535 352175993
62623553 141648557
124269392 313953093
37273399 310211819
107517017 18189868
6043068 124328362
10047481 194587008
47335620 324001147
15350277 102872823
66201870 110324554
13715846 164663136
81746762 3903955
88538921 95802483
57983419 221250944
121069388 134534598
70829107 169179530
34175043 51734688
115036475 208606747
20597490 206844080
108283616 155028534
119078737 264469913
80560285 2638538
62436178 241719027
34175043 350360677
70220697 339184093
85782573 291097549
16549250 87252929
44590392 237908618
117046521 136631649
62436178 278319070
135116529 72125720
48182677 314973510
139600267 262372492
43630624 125518814
26347276 10382479
48182677 177688616
48583253 184370335
48182677 89601567
53475119 244902671
59578798 109536190
17735458 245082759
53475119 280379111
92468821 204509197
44590392 397670044
89831528 105138329
75023723 148464390
94828149 322895002
61924014 92235112
81746762 298902760
124040128 190325865
48583253 160375538
31576782 85554369
100699621 247865392
128379477 287057676
83893051 389623663
67736383 1950323
110488779 321394385
26347276 256044851
41574342 232430718
47909125 130329591
41297247 403969021
39988135 402017803
13906709 102714124
81746762 375058490
14035158 86524476
108283616 400665106
99218322 270520771
53892787 390685866
83313891 269723962
32156553 119235230
22332656 47530838
27882034 288930720
57642653 364680076
121928205 188056203
141106107 184698282
100146314 125593389
35291852 266332048
110488779 401993172
41400750 287461790
76456939 248721867
18634145 382243518
14035158 170464383
87088035 98946363
49940966 137819039
138810986 88196283
42163589 99779448
82009033 316260490
67728629 4831129
127091300 156738637
79596701 339105455
87186503 84007656
26347276 73536628
99218322 326401981
81746762 286695780
62436178 332457173
135116529 285987942
67952919 116729533
99218322 318043769
3616868 383370418
105998397 104883287
50301733 299659627
139368366 55939918
134297173 231380182
135116529 393498456
137699447 337324991
115908019 283810029
31576782 366667505
35291852 79857054
117470452 395946534
93618357 66046684
42096955 279137767
29288518 142041279
20947444 347314818
54682595 323333110
113143246 9481888
16549250 300974135
141782686 276338599
136897695 75567489
141851381 86595769
110488779 313613720
79596701 214268171
69309944 103676722
39100959 352968813
94828149 315267114
99218322 104961347
117046521 215572613
94828149 218028475
41297247 236961302
102104634 208572776
16876055 363765571
75023723 214599645
109926528 346147038
23971826 61854108
48182677 159105040
90426371 349051058
99030368 19885779
42163589 243556971
118625905 266828843
107850530 185280170
141526516 375944970
84190828 394870431
80560285 381069487
102104634 233479743
115920114 49002319
92468821 4960784
135116529 132561808
78948943 106239590
16549250 3764122
70186590 132216361
76936758 3776501
1677095 128456327
16549250 372477602
48182677 4817879
44552395 262910994
62436178 162984319
60022410 195140715
117046521 122367906
69309915 128297991
38794391 15000847
27515203 384332103
132240407 128405481
129680783 104202558
92468821 65199667
26347276 354452702
66201870 365967920
82378875 248657375
134029279 132380707
67952919 7958126
115036475 185558707
66721209 272839174
80560285 398644363
88879877 153529531
60022410 372600182
60022410 220913092
96484576 379686390
113479902 310634356
99218322 380252574
140500519 347084826
99218322 394198288
32350300 145003252
40910479 267254483
87219119 95639153
83435952 303625840
47909125 242714591
14971243 400914589
99218322 287365227
12057600 328754766
47141960 386795050
51532560 384758504
27730102 180917032
23971826 251046589
46758215 359520829
60702375 257517681
56885499 250289765
70186590 13017276
84488670 391197556
34052000 354525367
99218322 157489339
40539887 342419759
101954510 282854298
1586570 217482171
121365900 327986219
85102764 115732076
99218322 398447337
101039105 48894029
62999613 300930741
76349919 251802047
110488779 17876649
127091300 303379040
76456939 269636338
78948943 51103613
80560285 269346599
35291852 248766313
23642835 256898984
117046521 6110884
113377196 149017809
99218322 278123648
10151584 93336990
94828149 199828825
36281725 197222275
110488779 64939251
30904698 318901493
38393616 289713006
37248524 86783751
69309944 89178385
129862703 156158383
39377972 4394750
99218322 303525849
35291852 106773213
82378875 279540997
80560285 319508064
6761887 171674027
120664599 34821250
60071787 86989551
87219119 99924938
135116529 337922949
136600472 143166130
113143246 249774140
38056569 171944776
94828149 117922593
133563346 19245684
35291852 338318792
50177259 27970383
117046521 325283665
14988418 297230290
37424427 342751422
92468821 133496772
89903781 254169154
142190311 159271456
51532560 232931599
72333767 279680218
131528102 212550797
46089966 318901493
24876740 202804844
12633543 342961952
84849812 61139970
2642753 7141388
49338328 16375961
44552395 222179332
110488779 282564672
134731135 176757332
12633543 253007130
107850530 72459549
47864493 386932195
9709807 342563161
75651481 130298594
140500519 125695683
35291852 251377214
16207363 251124746
13906709 9140924
87219119 102984303
19132021 126651245
99030368 203183324
68896342 388931638
94828149 14457584
127091300 135157507
132634718 130766268
137015441 47247360
79596701 197779211
28242823 374161847
61414783 118947995
64941388 153467715
82092609 271579907
47141960 112394772
57938026 3920363
62436178 70883696
99030368 36861607
99030368 19435953
24876740 151712003
53892787 361730056
81997056 386709513
99218322 177006678
24876740 307763657
113186488 210290989
72956422 53108994
42163589 65409672
41400750 390181058
138810986 96152310
48583253 329880705
108400453 335961429
49310915 57944339
6657315 397670044
109606491 96023717
60022410 56606679
35291852 273677469
136191973 343299064
16876055 279746007
60296781 242356201
61998067 575209
39833553 8454883
47398432 323198100
108706810 187907166
116641691 359753261
78279188 33856274
78948943 172542310
81746762 145184480
99218322 5972827
99218322 48427410
80560285 376186620
135116529 109861883
6761887 179039322
62436178 96053245
36886015 309735189
34175043 163115786
75392617 36672900
15350277 380458644
64409180 378310302
102104634 167102893
117046521 22003379
96993474 219486400
4552768 23837715
12373803 273689920
99218322 74577716
77405131 341690127
