68963870 269672804
88965791 302747150
4745274 347877350
71152040 178236912
118169472 367664958
16403991 61715641
107879987 239300087
54267939 122541703
101188991 192585761
14655396 103817384
132116900 376514854
21855897 324366670
33947710 361596870
48380764 292243173
86236991 230558745
138824382 254891756
94376746 83413128
95336587 199603378
12722132 281400251
78365354 380105483
82565848 147573928
48889142 46229337
30956480 205549287
103742241 242676735
82378875 255910490
137292155 233884002
58100824 297970373
66201870 227595929
10837425 218921731
32350300 182780411
59194752 10868362
38932958 281033778
82035607 57944339
33947710 403019174
19646548 25188276
130476601 219848523
90806967 79599164
141308708 326928681
29523781 366959817
63556787 324269715
23048633 5514511
12504005 165101425
81409690 6379887
140334474 355434012
83163209 91960331
142344317 60464179
44038985 354857864
66201870 69153747
118169472 14595496
59194752 240092338
88538921 65928925
102147802 366911878
92993610 187797083
138824382 368128107
39017675 358922981
116920321 248855305
98707773 39663047
21520822 274941589
113662130 185129061
59194752 295942796
71152040 253601433
38794391 131165058
62613690 72454149
67275977 338112002
110037626 180970597
66201870 268488417
60432494 312567052
41074672 195140715
138349945 355624974
31986422 175679483
45403091 311911456
43324052 39385502
62613690 327718464
73467713 152651725
3795838 262327338
111736993 387109063
35203286 125178410
11005406 389987976
35203286 37017399
92993610 330190539
136976745 288178349
140500519 209871616
66013505 181196984
24912666 38458658
67275977 393642172
43749181 379301541
3795838 161576853
10837425 236253554
19646548 100658488
136516330 68130200
117046521 41670108
91686454 71170561
83257584 223293993
94376746 17741204
108569381 191399679
38056569 232267292
43859278 367866845
87975311 316000339
47204685 207210351
110037626 201518282
51126004 277306481
62613690 256738046
39640802 324983905
59194752 8591377
98588296 157132568
49445501 116544537
96178236 385528424
31224289 236783950
34263408 303365109
116045466 261481160
121928205 192937202
75134869 16993416
77954067 354718130
43324052 106304028
88332423 156641612
59194752 137829427
128575721 260241765
112982989 104218142
40809721 398444445
102721378 101276445
24912666 12199282
60296781 383928777
3795838 265867441
61363397 381966473
63105422 106924683
104392067 70309505
15350277 394759884
62613690 120762241
59223120 360837165
56128199 78742350
103702074 217168193
98158859 364846518
83584406 93336990
19646548 34223154
101571478 345122907
141308708 133337450
134383496 136919603
122920811 249141055
91204790 313305310
114222943 203413987
141308708 383347703
73828671 296044310
67275977 227324804
1897050 255540093
56580525 273775242
85671542 112135226
58224399 243059306
94945054 90530389
132523344 166345818
141308708 233292622
27882034 145763641
42163589 224135203
10461291 341847729
116671529 209505388
116920321 221101701
85733822 321573416
82565848 140486558
111289035 306224045
138824382 317721824
78365354 257584000
46333456 20915178
10461291 162139707
6634422 278243696
33947710 70753290
110279640 310577673
94628165 123339153
64019247 37973065
111179934 286610134
122178945 330667982
78365354 18185017
131804738 370722114
1434119 179974739
47407626 153090006
117277103 77134023
33947710 270309928
38601556 7957155
37538825 168148607
50044836 337872298
22704445 135781462
19646548 216338424
95868729 26027559
33543261 35801347
98638050 92915269
105767002 269440527
29066645 948528
26711371 362630077
66201870 319145412
33947710 364450715
92993610 160419857
59194752 282313256
15350277 98849458
413028 117850055
16915261 108491110
95336587 198037430
54267939 250984413
123013882 42493409
15350277 319867848
111698341 268209890
141308708 247022995
42163589 246926456
16288988 147431206
43749181 127517940
58122881 157984068
44038985 295024286
3795838 56841580
78490633 220316783
115908019 166276470
98158859 14506150
55759876 136113790
78365354 120794296
98158859 139924783
62613690 148165651
132523344 36351033
134309562 35754701
76360564 315478090
38353022 111133758
141106107 338459130
30220561 304554880
36933597 305667702
78365354 52111073
37424427 316644898
80802991 261466562
59194752 341979457
6634422 20785874
85671542 326906745
94625250 220482166
91204790 214625104
31224289 134598033
71611905 314973510
51898855 188682010
124581656 320919725
75392617 2012711
2487141 7953117
35203286 345701096
45127241 198488816
29113883 241165388
80458455 395344581
1473160 258300362
72103375 82259714
64301405 301812447
123478667 253737081
98158859 109454993
118701490 113583942
89862209 242791450
97126409 148378537
3795838 96318020
5805587 181423297
63643294 28190265
66201870 106304028
18425591 355493658
43749181 181942620
85116925 317580833
62613690 137386705
68898846 183562502
3727568 362815508
129371187 149109622
53616158 377828080
56970482 67498030
67275977 328443529
71152040 198068619
120140291 169410294
21279140 17415385
19646548 114375134
99779405 177912248
29523781 195319127
31662494 293594279
24985335 389242167
92993610 73955637
68795151 130827753
48766601 84235047
111698341 79244179
66201870 254202933
99030368 104193573
88110785 5461554
19646548 111439300
61150788 166854508
63643294 84023730
31519566 189236933
107479712 368023545
137050612 263598153
45726007 39253909
133674448 41362593
58100824 388679292
1299235 39033810
103724384 105764214
21279140 235211161
142344317 326331826
59355812 324487215
56970482 154881406
68795151 174619049
61160942 309312569
126460283 69411609
41074672 192905352
66201870 167638651
73840745 123339153
67275977 74519029
6307606 48295154
131804738 264837100
59638225 135893574
45370706 26152301
86494239 120257053
68963870 166780050
141308708 212423296
27902356 70550442
98638050 253781304
31519566 61810848
94828149 339312621
2583781 385213035
101998375 317578723
88964142 201506051
128532381 63680475
37424427 92324342
32350300 328232039
3795838 315118718
19646548 270899075
10837425 99512241
19646548 248015661
138824382 109506407
81409690 323913830
60296781 167074648
141308708 180200233
13073870 32023428
21279140 397451857
53616158 71754762
88110785 297131825
59194752 151671812
8442041 367316979
71152040 307197135
64301405 167074648
122869892 352192220
56970482 262490997
129506945 49002319
94945054 39506
3274373 12227282
66201870 381520945
4767784 5635799
107850530 354857864
48889142 279500214
140500519 286096719
28627896 135047954
23038853 59801863
98638050 40705081
27902356 271754421
140500519 117854592
3503734 66030076
27902356 230375651
1678275 224905758
45709241 354092545
48866597 393642172
68898846 283077296
116671529 279377610
92993610 335261002
10914712 393104923
108569381 59677447
30162185 372390604
86236991 369875217
42163589 19214948
54267939 142015520
117604582 67387279
37424427 1949283
118648150 159133674
88110785 96953158
61168 312667798
116641691 275873080
59194752 43031727
56024287 336931117
116671529 138224102
77386010 314951976
30956480 298324991
71193336 24688305
92993610 247776102
141572511 274356488
24912666 296367868
140334474 239215586
60432494 124391710
68898846 260233915
97924571 181927212
120675225 250220342
132984059 293594279
12048172 395387173
61160942 175613181
63106567 204929189
14908463 44888574
72200200 180401804
117663229 303490910
59194752 236876488
68795151 183381958
59223120 236242215
46864179 111347106
43324052 158378959
129329656 52115754
105100646 401630196
27161786 343611241
117157065 88064781
42109144 358079811
71152040 51374926
21279140 233766938
34263408 386273010
138824382 365380483
95336587 3441492
42163589 374944277
32350300 152770238
134679158 281019076
104577182 197486316
