23441311 251588997
63556787 135485264
111736993 365751178
76614706 61697655
35291852 83930387
117592613 29556707
40994655 166746846
66369549 248621693
53100059 131551142
111698341 80745917
81770873 48118246
122588387 93072724
78000878 15525288
86236991 200271916
78048479 187723270
105196966 345679821
69419619 14178760
92939147 274347301
32131028 82547427
40994655 116560369
117460848 306485883
88231861 289454952
74703764 252246241
92939147 175957535
138349945 261409757
64928130 174586027
85528205 374489244
123484943 30786467
98734198 170344214
117046521 258972967
3649107 329867946
86236991 34552350
111289035 341799736
59911103 353874233
99861945 343611241
120736960 359061093
141572511 392497592
85528205 379250121
114694253 10705506
111698341 347618619
5505823 275706804
42117103 102222980
62723404 306022892
2642753 231156238
64053955 295622191
109606491 179289670
59911103 104671605
117592613 16197250
99030368 27348563
55239087 153369740
67993088 272084522
17987872 121343130
116045466 188769292
20896769 278354309
122626233 235948233
36986111 28538811
130319037 313231617
116372262 91887419
1928096 404082840
31493754 164346663
120736960 309241960
116820409 104376506
57608090 243975861
303013 219837052
117460848 230070731
74710317 172061898
78587770 99847553
116641691 59335000
27895070 167709394
81770873 265961051
71041123 288197269
31597340 370200427
56024287 31763750
40240424 308418665
37111891 2405579
86236991 29355695
110513785 76529462
67275977 90393765
44552395 57398757
125828584 339880844
86295623 41146463
127942702 271245367
91401521 374214353
42557900 164346663
78064816 388998815
17526434 101935702
69994159 189306282
99360524 218275389
111289035 72267640
94715497 220749130
80489520 174321644
58220492 139626974
36409669 180153821
52695357 366097919
83612546 4174383
3649107 263613244
5505823 171041866
113161268 362140474
6038459 392824485
46271698 391645681
24861651 389632949
56024287 167225518
35470298 223058158
40994655 97966022
102976052 358466881
20355886 268548733
40907060 360228414
62507458 252990863
117046521 62758150
117859770 311674876
82531954 166676379
122178945 359454029
988074 46480880
38932958 401902330
89090445 358173677
120169453 176914383
85116925 355720402
105373655 59537633
72327330 170216620
988074 9270327
71306110 300054441
77564507 152299579
44445004 387605789
56024287 305321382
111289035 254212004
55612331 242714591
82531954 280473921
83399121 110025881
93447066 16047685
17987872 411703
77262460 289454952
32131028 28802112
102976052 31118004
37439539 119129966
21119761 37009699
34737895 42926914
122869892 254686463
12737165 97836269
5505823 8001245
122588387 202961866
63556787 259268582
122869892 76798954
53413854 137103868
33529509 74571884
52083718 349004004
118352761 262119360
105373655 104578854
2642753 285299515
109090637 61202062
129862703 249931998
86236991 219046220
59911103 371079191
53582181 4035653
44038985 247999347
111698341 251935830
6038459 275118760
51003537 979596
23203920 369467207
16873602 3069662
12737165 393194904
59911103 140032981
117046521 57238718
73433921 247970602
47587432 350360677
61942084 166816529
117046521 41268623
133178328 273568810
23150983 125449570
22833522 60985475
137392529 223365877
16898091 12227282
88538921 29707343
48610424 259852382
140758038 222246150
26081128 70557808
137392529 225796023
69018740 279322674
67275977 153785834
59355812 372189050
61438158 49347948
117046521 384875523
48517391 109536190
127098592 394085903
21119761 107481622
27902356 341445540
21290911 370200427
4402284 290559498
32971905 20064288
100293116 132971374
17366329 373288271
15913934 255741947
3616868 173212021
51689042 390242540
66752695 239300087
303013 195223886
86993985 95787588
74703764 1215494
2384059 289454952
12737165 7218053
110054445 282312598
85528205 54780946
69419619 4646934
56024287 382849235
74826562 70068688
84615725 148374786
82531954 184296361
81770873 394854960
47436513 106542643
118352761 278422714
29359060 137103868
117046521 155413091
137206195 14136232
115981262 305434770
111698341 223388726
129768388 65476252
67275977 180231760
86295623 181755554
103193588 57944339
111698341 257899285
130348050 390450514
117046521 400326896
107328166 250367070
84371558 154204044
40994655 336932059
40994655 146607234
56024287 190837911
114058541 375798307
88110785 97500205
303013 201452548
20896769 164036175
108101748 359470781
7342914 109004907
130199663 281074675
37111891 18523443
43859278 14164142
136335709 147988393
118352761 176560645
71194587 123026270
117046521 65649475
40994655 106511135
17366329 252920541
7191364 244964381
20313328 15714791
3616868 162239626
59911103 237465344
85116925 291716757
117046521 11596960
3616868 209817918
59355812 154817153
76456939 36612572
66108640 35050572
40994655 376159631
59578798 231029916
40994655 61735541
109277485 163425201
137565555 2846062
61438158 341320749
67275977 311232816
85528205 177647306
70351058 235814690
91401521 375419082
123339854 314804246
105952260 372600182
120736960 56803638
112302007 358301749
40994655 126651925
8414510 202377294
21119761 72877715
88980512 365398869
88110785 397558499
59355812 374603183
122827676 223729096
12737165 371290414
112302007 27068301
62059103 169494293
20355886 151412745
28627896 49093777
35470298 358539435
108101748 314041390
63115068 295220628
67993088 150207384
137393482 125666923
37111891 398344266
105200380 16148322
98638050 74857579
20355886 180597544
12092954 230395912
42596499 150683917
61438158 155048112
128630759 167574776
76372191 33435816
17366329 370759133
103872466 398989681
40003337 284620095
72802416 5023611
67275977 191463520
44552395 234873287
13108636 221324307
76372191 368516461
22807254 286229690
67275977 375433139
114556011 186653415
80769894 16035287
81770873 48183455
125635006 210028911
74703764 290397155
122588387 254038375
51003537 347227443
59911103 210298419
51761489 61953901
79278631 225432848
129575266 340804993
135426325 208789094
3649107 317803263
77364367 95667993
21119761 50866152
130199663 89439132
110054445 89814305
24912666 396954959
57814006 125593389
117460848 273846011
122588387 322991614
95868729 316900792
99030368 166631512
78922712 178723171
66108640 167074648
6038459 291812975
39988135 259883429
63115068 363577377
62059103 382691027
82816917 206882715
51003537 403148663
108101748 55767877
112302007 186942513
123339854 225760818
86236991 157961567
120736960 67074062
111698341 362565456
117046521 23242541
122869892 259824181
117046521 44584055
9691438 216934551
69419619 191045906
117439548 35471269
4883354 273820642
140758038 347955814
17366329 80877800
111289035 270305008
3649107 369904129
95024669 130076561
10751658 202334778
37854290 66059081
121215612 292958846
124322312 203816284
59355812 228927214
126704657 47030267
130830924 75681830
56024287 157835668
105373655 362597189
102175750 80727711
111698341 287709910
127501729 179192487
32131028 349650104
35470298 61937580
88110785 96953158
64053955 349086511
37989479 205579599
45623941 371721722
86236991 34891043
89090445 179095268
1076545 35298827
8322595 259865072
59355812 254989414
102175750 127487126
53100059 167574776
123814396 42601958
111289035 320493780
64301405 129787723
111698341 300483076
129862703 54240969
303013 72534207
92939147 314659576
140758038 140446070
5505823 156214482
91756742 143128867
8557866 351678088
3616868 48240184
128440836 197893736
23441311 400447566
99411301 383089605
88231861 181281504
117046521 257634579
111698341 303205878
117592613 314903844
88110785 316900792
101977649 140674164
77262460 261466562
