117121471 207639796
135670856 330133170
117046521 251012612
77028595 349539632
102782588 19543874
54795583 403762465
112533984 154801915
77028595 272295772
86345448 281930928
93530522 63028147
80965407 163895284
104841708 320075380
75656155 184966519
3649107 32403977
121928205 342800728
31936983 372606456
118709512 321268399
117046521 58532570
58866828 334696802
64296382 86674842
36123691 191520478
71073370 359955353
94376746 403316935
51126004 237041013
119707258 272993795
54795583 171587753
83156622 26739306
89453373 233292622
16085234 233856639
56240852 203134607
110632475 8816162
41888827 52374645
74088786 210290989
91467553 369872612
120888424 385466119
3649107 383892685
117046521 335995816
94376746 54278663
39541083 195600289
36312535 283719590
27527098 232713342
47407626 52813935
73539444 348232665
94376746 53172076
31936983 142341574
116671529 116618448
62510288 345143863
6696585 330719075
142366327 281383124
30607791 290599816
140912773 25568829
17729908 20855617
97620119 96801371
85762170 84797306
31786460 390666427
100121590 275452938
94376746 214879395
75502213 13815631
131039248 319820266
76372191 289394802
78735780 220189750
113299928 273420994
97346985 335871241
59799959 242910473
85351974 337393850
91467553 120919637
54795583 315086766
102175750 155892818
88764337 46404811
135670856 246700861
75268661 327086987
19785023 99847553
59679231 353300096
440799 39987312
84865369 303625840
66922466 110028164
94159832 210123620
80182755 251361121
39541083 323924777
24709928 174335776
32350300 175953511
133696729 357254793
18094645 336964100
88764337 310716832
1186691 398145943
83313891 402455813
83249566 400224907
75656155 3873982
57201592 263749920
94621295 83323895
133629702 338589764
135670856 257162740
75656155 235149396
136516330 89779038
53892787 183856683
69636615 46480880
35257863 167074648
132634718 43602271
67646195 14178760
75656155 388502769
54795583 216765697
40656893 255143537
137791307 367366457
32350300 171619280
135670856 302406402
14125235 20986957
94621295 358795720
62436178 35195292
117046521 269672804
32350300 310816812
103724384 30999252
91614178 337164027
135772877 374968739
62436178 321744054
140500519 36869126
46476731 323349755
73539444 220252991
13532967 76880447
1186691 115503869
75816106 311713951
75816106 78596443
135772877 39840829
77364367 48743736
34737895 214779442
125084529 178712648
113299928 53749012
119449944 14136232
107886518 300410197
55819379 298505113
2072250 312126501
31005284 162553411
74602483 311149857
57713902 239611985
30607791 82259714
89389805 111134430
89389805 228503331
94376746 404143638
96788069 385728779
58857011 19261343
16020417 390181058
121094926 177225197
23130068 369918126
106783016 19544094
111736993 151904702
101675574 229235271
53892787 249141055
115814132 1920065
94376746 303548680
91351013 59824789
83156622 193659817
117046521 158365796
80560285 98461554
126975553 203386539
131039248 229419806
75656155 283922963
18473301 258229130
66179672 118114049
102782588 238390216
34883946 343299064
133696729 379893170
116820409 127867773
113299928 161870152
101613012 382216868
99030368 348622773
68752329 358301749
135670856 50888422
113299928 240989627
22088523 208894413
60859166 86931224
117046521 320700072
16085234 7318287
71124457 146286279
107886518 257629622
36123691 18283240
135670856 127676643
133696729 373973295
139882643 136960768
58866828 2662077
117046521 96305817
94173761 26370195
112818140 28595699
29431939 344278181
6866692 119984961
79093481 152040993
51898855 246030858
71437303 21317837
117046521 173898724
35257863 196108282
114411836 16670092
23731773 209034921
135321016 383036905
112533984 324068575
57866314 169949567
19785023 239205316
23731773 177163869
51898855 70856312
73570970 17288783
119621996 170114363
114912924 242091757
1186691 192175165
130077548 288593759
126601909 322236009
27572899 339151745
77028595 106134619
51898855 259455645
27572899 170341734
29359060 360806251
32350300 164214175
93530522 160826252
35257863 305610363
135670856 364969932
115814132 269061280
23696138 81850631
124027686 70717987
97924986 381361877
8598345 151763182
97924986 253632671
51126004 288879035
76190450 84957052
117046521 267865316
113299928 49721884
59911103 253319492
23731773 164937501
84626488 315327647
77028595 252167235
85098361 229606321
97924986 401245130
36123691 313732557
115445283 78883779
3391398 246198553
3649107 240727357
135670856 18880000
36123691 374470176
2072250 33636433
3649107 350750480
92456812 111907117
131404662 236449547
18110679 80261807
83249566 261481160
85485962 112236036
100121590 105367023
3170687 92999613
19336893 169316912
15940634 105267159
93509184 100450589
39593162 212544827
133696729 246619870
25318332 203856285
54795583 346743412
31786460 328782987
30607791 215735532
135772877 44344083
138695247 17072793
67665812 81637011
116820409 214714835
17729908 323351283
121365900 55527410
117046521 312951071
102782588 203989932
16085234 92353143
3649107 157582981
19044059 40667534
22272451 10076181
85351974 327457547
39593162 152123320
119621996 163891179
34390644 213421177
134727305 161320691
94376746 213072454
123478667 329280191
112302007 242076496
84427683 13017276
27902356 92800198
35580708 361554461
94173761 101244571
135772877 106017938
18094645 111017441
73539444 311053665
71124457 118483493
33086149 320253828
19662928 363013441
19362072 222260129
120971329 156079162
102782588 102572100
58074259 79940360
117046521 134584987
54795583 283105773
75816106 366404599
75816106 93802443
105528616 295853347
19785023 165101425
54795583 77330334
11189105 55079291
126601909 348063947
115633523 345406066
51898855 238001190
54795583 372161941
40441550 272208788
94376746 302451214
37424427 14221411
35203286 20171819
36123691 46135750
135670856 2211549
62942804 167074648
27572899 206566961
55468330 117850055
115981262 119043122
97862797 101591989
8598345 27628131
101960751 312650147
19336893 118761816
142366327 236198369
133696729 340617932
133629702 113085443
70248359 182334095
27527098 314903844
36123691 337785961
3649107 25076259
126601909 316594186
18110679 372638728
135670856 344169786
135772877 310167247
48473436 73794289
83249566 192699773
43393028 262821527
2072250 359204282
39751786 157068805
34390644 391777162
69636615 28597423
89606580 285537986
114410186 185696927
30607791 301126612
32350300 319731949
91992860 34214530
24068503 52055403
70351058 178175714
51898855 190106797
116548791 378421486
60420048 199482416
111351366 14136232
83249566 396274645
142366327 141548651
36123691 128389084
118899302 73335740
66015216 363695728
70597643 235849993
32350300 62254792
135772877 132886622
108984073 302698358
41302437 150110536
105512819 294895296
94376746 295900941
59911103 146403335
117046521 357008108
51890699 218230956
109090731 281822524
54795583 200695447
91614178 308710922
36203258 144220345
35568587 15959670
62549252 196752466
47407626 155588139
8835073 20986957
102782588 170488669
112302007 159245820
107667652 40841338
69636615 65328186
43543446 79750204
135772877 105645949
65646895 143365280
58857011 112442329
51965294 231957189
109926528 185076325
51890699 308118027
139462094 117991581
83249566 7433660
101613012 145600258
89453373 205557754
132796355 68130200
54795583 57734078
61597617 25380039
95920514 1673185
62510288 116618448
66922466 310857325
135670856 255844591
360451 131250265
16020417 322550392
94653084 205081227
54795583 346755800
54795583 110740672
32018617 189898028
97811342 347160500
