12038457 11326867
70077767 262844307
5633062 320423874
54431335 199568383
85169591 246007649
60071787 27286524
98747755 372869736
33086149 332845303
129173658 180751071
34471589 8430250
85485962 327385806
139922556 332876517
74712897 46480880
92960199 58531165
3616868 27326429
89634823 366945579
38794391 51704681
115496065 213957954
117916111 209034921
135510820 360212266
92873611 246098913
85098443 126902916
94066042 210028911
82728623 85794087
74712897 312636757
111553769 311793067
115908019 195565185
108310993 70564714
4423839 401569310
132859392 13230937
119962907 209402935
134002712 30517480
116459056 343921948
104996540 385867861
75992430 139683195
90868699 128697267
86174 54188884
39833553 63132714
121197997 178331856
81273916 113085443
46081082 389242167
73791142 347320116
24861651 92495167
130463595 247152684
59741105 310278780
125117551 177149205
108768391 22367696
4423839 182545544
139922556 273997671
116424989 247507010
116795315 324396081
139922556 327024530
47035700 138522295
81746762 366463907
53742835 96108028
91146006 378599250
108866552 27357376
133338433 356495028
92993610 189718797
141160458 146699291
90094566 278538762
56553525 351722471
9711778 209550371
33086149 299124766
91686454 35599909
129173658 159120268
100772220 272373655
34471589 34778712
77654027 195911306
86174 355606433
87088035 343072184
121197997 254839117
114036937 119235230
80489520 174321644
120859758 79448180
13320455 326386478
94066042 47909770
92960199 118091739
43432534 159878243
19490224 95269491
128732566 373311506
123742110 136579640
133817664 179571505
139922556 353926158
114367860 41053637
120859758 45514415
115036475 64023323
20313328 312695186
8673852 129729090
230326 23109891
24772941 238130190
119962907 30142361
34471589 188872569
45914095 96941135
139919319 32086566
58335778 74711408
139704379 395074329
85169591 13955373
105345142 120163080
39003640 217200740
73502757 210922337
116795315 151071770
116045466 387472457
116045466 79813309
121637618 65327121
94173761 266946769
121094926 3096697
44228234 112748727
94758835 33292398
137131424 315707993
27572899 200842151
30284767 155822675
139600267 149210488
109489219 34098007
137587571 10851637
81805172 354857864
108768391 349574999
10837425 66226210
64749469 70874465
54276504 165627153
121637618 18684080
115908019 281279080
128575721 106304028
230326 144358322
33086149 395183000
27649225 381756438
99218322 233554360
83600444 404069804
51692765 66985314
46081082 403867251
72983130 21109983
6681157 119345576
25119212 74592514
25119212 382231030
24247123 311499944
134450458 388299365
27572899 271344295
28373853 20712506
114367860 221472534
21279140 234300761
115908019 101098365
100901664 379682459
137669809 239306686
34963501 8635210
116795315 125194524
92993610 117140200
96737795 9100896
34612875 279796104
39552055 150257911
35580708 175585392
99218322 357655169
61617820 277875553
56802207 44651099
123156384 312612899
20132045 297235224
4402284 112822836
121637618 352513768
119962907 26110367
95682482 40079136
80504492 349001486
64749469 158911682
92993610 131717736
39575941 101871158
107802336 69693364
29288518 88112905
114222943 232655414
92993610 130148162
15190236 368731376
88619867 268095689
141972413 259370838
113479902 43899134
64749469 231324464
64749469 325055997
132958679 252976678
108768391 32281267
134483932 227218767
65210541 80233719
35257863 17531650
77452190 77295557
141972413 309828437
121637618 277267811
116795315 143636374
47582711 123601142
141359114 319890565
138820502 279206349
25119212 290078515
19132021 70783670
119962907 329740240
86174 279393408
7821057 102609452
102100388 343575787
90285596 167074648
138495343 371221966
100022513 24628312
39575941 300930741
26615437 345378546
127311714 167074648
85393494 358042187
89333606 249161431
128078712 103888153
57147852 193985324
47769110 33417097
108768391 322990469
20313328 313891623
20113267 132958145
68368944 395250347
62153331 55406835
54604141 253798929
77646698 157058193
75867540 13232246
22235504 23777204
62405762 226508499
129119090 23115819
108277029 238724860
114780464 125593389
98747755 70558908
22235504 97590162
129467967 302239619
62153331 365021457
22235504 73378676
2642753 9058319
19188351 193076890
120859758 313886631
4707609 230112250
88738775 136535129
71627554 139767894
138495343 113085443
141359114 190445943
39003640 395382019
51405856 303205878
18434743 270409227
74712897 259013587
805176 175535374
85169591 303205878
113143859 122294274
46316041 286482110
19560101 246613415
1266327 9046405
85697381 370744229
14469758 78292575
139922556 35669692
42163589 109169564
138083837 134186630
102147802 358697840
141359114 6364159
53439550 117181784
22235504 144986100
12404943 222626717
34471589 123263739
122626233 111723299
27572899 72651794
92993610 231963455
106318683 400601102
108493335 245517725
63312563 237669349
138820502 329035773
92993610 364610809
62153331 101591989
123642365 35834335
75867540 329452265
114255327 194701908
93372663 337838380
129173658 147358654
17471472 76874937
11431605 197109873
101732381 273165489
141247060 199635389
137131424 322126296
12404943 152661019
12404943 343793951
124053750 98723089
115715184 315643365
100256849 392636745
141972413 304642194
33210604 354956002
22235504 299896520
2989488 162532839
130269157 304667318
77654027 358606063
137669809 320537666
101357625 341631055
133401605 101075680
105864867 393190226
82773347 321646366
47035700 378534194
130463595 14883271
109489219 11768025
33974464 231935684
132773972 365068857
85265002 327572234
51692765 246777302
65646895 168947510
137190407 246107812
20313328 324871843
91805048 317428533
139997649 61872736
94635413 343732615
118209579 309349133
63109080 23391641
77560967 154785680
80680135 218263118
81890271 102003294
63582274 50725202
107219313 239300087
75536562 167156758
132925736 299129478
22235504 213114729
121637618 81721420
119962907 157184714
85116925 231207067
139919319 238215394
31637860 51665604
47035700 209816457
114726739 381101912
141972413 73597169
133854282 78994855
33210604 314096331
6252398 19818622
64749469 272073167
64749469 106772421
230326 301298500
133910532 369875217
108768391 359196809
93820663 34155893
40523696 193974643
102942038 355624974
92993610 183739291
19188351 357429211
108768391 337253178
4707609 159004710
22235504 163997677
56042010 543456
40966940 325598503
108768391 333336473
15190236 353924995
92993610 49308751
59741105 171315964
5633062 277612971
4707609 121592033
101575627 22555096
140309085 332219992
9711778 71875787
90285596 139453451
61028917 227275517
116795315 279882489
113479902 375646881
94101029 50430798
92993610 203475522
1561610 80878143
121637618 117172737
139922556 325676153
40796628 263884571
99218322 150610149
129173658 368560041
119962907 165715352
119897892 244553557
24709928 243013291
127298242 278921474
