31900340 112237230
116405123 289044391
69799403 307589364
23549038 343860934
88980512 2629383
131032896 310087598
24861651 148781276
93765006 385512724
117046521 303059685
95335060 284665434
88980512 840265
84434154 192375677
27801492 280356798
107473320 72191270
60205774 155188560
86347757 236529961
53886024 386366408
107282532 215390193
52132931 9872993
14974061 269655513
15910492 173354419
116768804 318365756
42717643 292327557
116405123 64325144
25562589 393642172
73784219 278632532
104512968 377058566
62909863 352259754
36148755 8378907
136341884 128573690
140893240 155564527
29896663 147148996
141296727 380708084
49338328 66140553
128440836 330514618
19381333 101359228
102689596 380943010
60539627 347382401
4607223 109616791
70186590 49921458
140381135 95457747
88980512 163878367
14469758 102396250
70351058 17531650
136341884 160480729
95492699 9819823
29896663 233725363
82531954 195140715
60017012 329889672
36986111 166276470
74703764 262070909
61617820 374214353
69348762 307792517
103724384 222895681
38434744 305412395
68089629 314715503
57608090 141137713
102115259 386677844
2989488 11881954
123783088 321244850
57180760 190177818
73784219 18004274
84190828 277831337
72225030 335551236
103348019 340782531
82304530 236836228
72249339 145109696
107163258 320593836
62510288 247058823
88980512 154789500
99460580 367866845
129371187 158965302
110805144 198065266
39999878 272595218
73784219 120538584
71107115 382983814
73539444 366646149
128575721 263411409
83163209 48785821
43432534 8214458
85127642 285673711
649054 59652775
72874817 317478024
101982129 134419268
83163209 191589412
73784219 83255758
13604389 88057415
120182336 246262133
85127642 152770619
98186890 109536190
140912773 552887
110728476 120427372
31150503 92392220
22103507 193850318
72874817 196661399
132501462 363314716
9383251 120229129
37248524 325966901
31720916 333711258
99309786 342605480
649054 318445213
86347757 377051632
129506945 285187880
80893734 210028911
31222716 94470453
123053379 242094924
2310758 322957624
72640602 116437764
140381135 32389973
120882680 244725855
112754870 205651538
68113752 375772509
24051953 80233719
63115068 257892552
141296727 399628095
73840829 66318678
104410718 79882266
103348019 382479318
89912374 8123665
57180760 404349541
141661456 403981258
71548582 62299191
10461291 228894075
99460580 319901027
35793784 366945579
27572899 73148195
140381135 104523558
74994281 147032127
141296727 149554545
42717643 311157454
85785429 47746935
3503734 257603022
31900340 174723379
63106567 283829641
139704379 34286487
57180760 208839776
60371446 100064411
12510618 392692640
108706810 174679331
141296727 66076363
76986088 16431544
85733822 61746247
82860078 129263448
96672008 77325600
6794243 192350728
117046521 39622653
31192527 238678221
13528539 143788754
25331864 211808982
114726739 311844430
31222716 265992691
131905451 259087226
61732051 315681445
50724712 187088004
89912374 330118013
18552045 123707116
102096053 31416373
85116925 322584862
76435150 384037202
65904810 399435913
85164861 144196907
71107115 549285
51898855 350855374
117910343 372975351
141263225 269961649
117046521 1572457
31150503 238678221
59815044 39622653
85098361 142375514
41574514 141648557
31900340 163476545
35831216 191589412
47399281 289557733
66721209 148144426
124042026 383355558
86347757 196142117
31150503 374214353
73840829 69943418
117595647 329943362
102115259 230237314
18102472 311490252
101101339 329880705
53118094 335309109
16085234 7318287
94101029 92434420
136976745 8816162
136341884 267155116
60371446 376129758
47407626 42798136
104512968 283643376
2310758 159833771
123488278 332788804
76986088 88064781
102941539 171780536
45561576 164946266
28572200 277346265
69246113 184166138
57180760 211423501
108237848 36038650
108161523 352204367
110037626 301678957
41574514 177269673
141296727 255340769
117046521 22346084
110422419 320681283
86117457 158479712
130199663 111520463
23549038 36012487
46210014 277831337
76295896 368877423
79395550 240363414
106562636 86674842
72143157 47448939
55819379 401809465
85589229 347877350
99309786 230608358
117046521 285493836
21968456 57013245
57180760 116938438
140893240 21573829
137669809 173724875
117046521 42042663
103085001 108407944
142344317 24768376
83612546 195140715
48182677 176938762
68198511 400591717
9748855 333379284
31379822 95389935
119905769 64989800
99309786 38850569
71952221 197743223
140381135 51598869
89819186 50415595
24861651 243048791
85367623 24688305
46372358 127487126
100764607 313891623
73784219 293065289
51898855 268448849
136341884 207477531
95335060 306356988
142309360 61065544
23210309 319708816
20597490 342215836
85098361 253506667
111205371 332501963
23362810 41457180
29896663 34210244
136341884 77647203
85072760 258622715
94173761 107119997
88980512 95596431
73784219 404229277
27164286 293799979
31379822 276907414
48182677 340682839
50724712 276727428
92511845 110723106
73784219 52637053
131905451 233292622
95335060 90218348
136206038 49276662
83612546 37781227
85402500 82955428
23549038 239127061
8442041 335309109
60022410 341301920
94724265 98780476
94724265 246935775
62491723 149387006
24861651 356699767
83163209 295639969
31379822 171596315
117578798 194298341
35568587 294201389
4497869 323103329
73784219 337098448
95335060 215720005
35831216 347459143
99778749 58826670
126101172 109161475
66752695 15999962
31150503 303205878
31900340 260028180
86347757 104883287
38140070 317432957
110805144 34829733
99472230 315643365
484555 355434012
137637748 31878286
16085234 186532770
120776088 318566892
140141293 4997225
71107115 134955998
29896663 352359205
74994281 349469180
59815044 273516989
89912374 328437406
94724265 156000057
140893240 274477529
130017399 334995244
70124937 383465545
29896663 363458138
93618357 166506313
85116925 71951759
7615259 159951393
97265297 91396613
103253059 272736473
23506974 124414602
95335060 138835393
102942038 104883287
127219944 107530801
141296727 174372592
34743068 285698656
99309786 403243924
31900340 91462152
93618357 82825592
6794243 247844671
79408517 91960331
51898855 293238920
96672008 95855983
73840829 147286722
104090991 359655025
36276513 61202410
111205371 320525658
39260000 136370541
131905451 220482166
20597490 361332017
10837425 5523494
106105995 81300204
82860078 292258582
24985298 157094783
10710762 225802192
83313891 192678040
57608090 75071831
76986088 364503695
13528539 185353244
99309786 186809442
34024423 330336078
92675553 169339378
47174804 147025129
102941539 249480376
36328591 70377371
130017399 305588052
68113752 90013121
102838333 358202857
14974061 210282132
31900340 288581750
73784219 279254277
45716180 372169769
24861651 316592083
71952221 105208301
142344317 4611713
68283948 332162042
27895070 112753979
101822806 21135800
124857404 43456321
21134416 90309346
89819186 319311373
70186590 231390479
19381333 11829301
133785352 173192704
20280300 252653456
36313120 31892580
73784219 197398754
97829437 80233719
5371256 261459467
105512819 316809118
85116925 371816877
103348019 311845412
31900340 23755638
129235708 334364186
83163209 284893324
35203286 203871585
83163209 184917600
31900340 142150510
131228215 326130220
42717643 165463907
29896663 362671191
99309786 115851820
103348019 210397996
97276187 124370395
49780463 232222917
31900340 71541353
52402505 36861184
102115259 256413081
118828178 73006934
137669809 100742887
71952221 121179482
29896663 364709259
6112113 263349112
42717643 99972734
3616868 396476665
51898855 47550598
72229479 372702069
47398432 266240694
122588387 2416521
83612546 382813927
24384859 403867251
71952221 240572097
117046521 44282951
132859392 252149944
19381333 331240972
114410186 253176955
131681429 201185596
68943297 39622653
52027356 117940944
98186890 239963054
115285551 383170082
