49335337 29154619
112624474 393846348
66369549 273052482
99224658 392038087
69042836 31555606
52930201 247606259
51898855 107687769
102974850 91521307
80324141 44469390
108768391 316354964
118563224 67691347
92669887 6975016
111289035 354190704
111698341 277691446
129173658 180751071
17994052 334794992
35565163 11789725
10415858 218725054
130835099 250065543
24414641 246018747
59669265 89666626
2302904 348622773
117820011 132412851
92014282 283824200
81150551 389713608
7963964 48450453
96882763 404468265
66015216 181830704
74994281 253639679
130756544 285244672
58335778 78674748
125945783 395003118
94770747 256874071
4770315 273295455
117861263 290692658
17734154 390181058
45858056 308830727
129901098 48578570
13604389 232352462
129173658 153275276
66015216 227162175
79718937 147435718
64701188 147557897
43294498 383589712
108768391 157707884
85127642 288963560
128451387 52900329
34937456 81889739
69723528 249556156
58335778 191957994
103464835 237802071
3616868 131812877
48385571 280473902
49749880 225658628
74793862 318694372
93502332 257528014
99768410 144088749
3616868 337784676
34937456 73180822
48688879 394044247
133042920 362545686
39833553 63892365
2310758 372736317
4322575 349799669
85381452 124160471
71154103 171923077
108768391 251835526
130756544 49867113
21406678 347877350
130835099 277759366
72685160 375252505
128266447 78414027
1677095 102688702
66260131 254429075
73784219 157984068
130714009 200063023
34824408 294892980
47636434 45863133
96882763 395614699
51965294 451358
114354964 236686051
79718937 131688557
129901098 398444445
47174804 317111959
108768391 397108043
93756432 344192148
89903781 389459878
43859278 94735512
35580708 249931998
47344550 380426191
79718937 257985909
3191999 230793437
94828149 358904466
64942113 193887464
141895354 285606636
7841126 126272661
90091673 154533893
33543261 110788783
120182336 246262133
80324141 151543906
49749880 158775549
24247123 229203382
109657786 372493720
128172750 64344663
103541652 390181058
131856380 23294959
17994052 62835514
6257162 400288171
116120712 281144043
75023723 366908274
25017330 311376125
49335337 303205878
15822392 49002319
132398202 310577673
29368223 363480827
94825791 94681390
135397807 125518814
81150551 224178561
31370999 252805180
42109144 3568728
81890271 3323598
78507048 30616607
54046883 204485346
42508281 244283806
69723528 308270422
86033500 153455805
2310758 67562824
130714009 232829042
66260131 248041743
127235769 31028203
36661777 9561477
47636434 102610455
17994052 86337171
24068503 93121568
49335337 369649030
59669265 59071954
65420018 314736632
89897300 83378190
14417361 357819695
33277457 272981924
37454396 344669353
21968456 204196200
59669265 111152415
72685160 45570564
17994052 248836240
21860147 36822988
139215401 400912100
49764873 112501512
95755843 385133775
102764619 102343850
108768391 224692006
43859278 40578729
118899302 393518453
12269523 133905222
79729184 305140435
90759931 160929383
86543879 343141374
108768391 145403790
121605394 158884038
98865756 149239278
46476731 395171979
31519566 332592297
125826318 341488769
46210014 81223548
128587673 107762577
135166235 245129437
54790610 336611550
23900257 40063588
71154103 106270926
103872466 107215843
141895354 370200427
58335778 299921647
17994052 177125800
34696590 38688127
31224289 92991349
43859278 393878924
133696729 66381505
49749880 271496476
114726739 227064258
10350270 267041637
70892487 74489562
17734154 84545906
120675225 145959921
132240407 261845731
72685160 398145146
71154103 400215195
96882763 18530366
101981437 261868386
67334365 162023603
103464835 109522244
30089790 262502173
74346830 356120439
76109602 27699108
108768391 40858498
73117272 204489201
7841126 234691780
107054952 48993579
16973467 305613858
65800700 194701908
57213531 308796116
7963964 14883271
29596720 365201425
100424208 253970950
74162246 354942303
49749880 277069897
89897300 121909308
31150503 257455940
15051300 70201172
80376775 113072116
109642388 125276567
137412388 351793556
38056569 262544436
49764873 167571595
137292155 355624974
72685160 331356194
141200871 80123266
65953023 154888076
135166235 400405447
57213531 27699108
104418174 52713815
48472221 377196944
35236069 77071348
94770747 284555480
62593471 387356244
66015216 231594941
69723528 224508164
39980904 58320578
93502332 354717944
53070063 122165458
47636434 49534527
131856380 1753329
69723528 35209627
47032159 352901011
15012976 63601797
115506710 127478618
59669265 303205878
102504471 59000237
72685160 238691388
73784219 307792517
60420048 304744713
73117272 55046327
77654027 119676698
128523088 270664611
54046883 128501408
131856380 229176381
129901098 20060299
59669265 366911878
142357865 85794087
129979590 158495273
73117272 321846526
62436178 288700729
115908019 396693129
124421490 126885482
129173658 182002284
132683466 209882361
71154103 168673235
17734154 140146227
48866597 195509325
5343879 217730408
50684235 285299515
20355886 28501987
132773972 24984040
56640909 384429221
127929103 188879437
33277457 263113864
90644173 11074792
43859278 106889040
104418174 135243644
108768391 187789657
65215006 149638543
95533704 9159869
41668701 305412395
104615163 276374819
101732381 303625840
138495343 240093660
132398202 318551740
128172750 203843898
141247060 42759030
107473320 34349250
65493160 15445568
58335778 16811626
71154103 258949502
1561610 166131609
7841126 301582990
102764619 311240341
107733498 321886986
19747904 149367142
16311563 188488133
85485962 24260561
16915261 161632430
14974061 127726054
74162246 249947758
42468360 223293993
59131631 246893440
42109144 596827
117861263 239989383
135211694 149297305
65646895 183593389
80759955 225883533
140399391 295188538
65185404 156862422
131039248 309445258
72685160 358747788
108768391 85068076
65078859 288132946
97886398 150133926
67234945 378878990
19359993 85505340
58866828 189156256
93447066 46355760
18788653 178320226
96882763 401794601
129173658 147358654
80324141 367799368
59638225 135893574
107035319 61268252
29071427 12412668
85072760 301855769
96890729 108994317
34937456 88498388
125134076 160983993
7857305 46355760
138453441 353381230
72685160 223948318
72685160 342230347
49764873 162132812
109536998 383826322
108768391 139426112
48705734 184876013
100424208 61497574
115908019 144238248
21860147 80233719
93270642 64344663
108768391 304568302
61028917 26043790
77935067 314275997
5505823 307589624
132773972 376809162
25017330 62685116
108768391 252061500
5259651 130240219
112344371 284995713
63106567 104249355
110277324 72932432
92014282 231523677
33277457 102322763
131856380 289914956
31370999 22068180
117368135 199249620
30933765 58194635
102838333 98619295
33898408 343707455
34937456 2401376
129620952 9600006
15588377 11988250
9709807 342563161
60420048 274460647
74022105 211609666
74088786 206882715
115908019 262421336
33277457 120926073
126054140 114886730
97371661 319174167
16898091 65734338
3616868 111204041
124012044 169336674
69994159 189498965
46210014 196325633
127929103 210873843
130830924 75681830
1008870 142460537
66260131 344663481
54046883 138635555
85381452 376854790
90644173 341464295
79718937 135793423
19359993 97387239
27527098 275118760
129396831 23307151
6843786 82921340
79718937 70337987
46210014 49491453
115908019 84993463
115981262 391806008
116906904 95877642
99224658 334154164
13801955 51734688
93502332 254931023
89903781 251935830
3616868 400901236
36933597 380510272
71952221 404120644
69723528 356311375
103701413 224905758
85381452 164587570
5343879 128291358
47636434 342062895
119490278 110035581
117368135 294647725
81415350 277256845
124421490 201007723
110513785 53054737
72685160 107353257
46210014 150663345
79718937 202377294
67836003 140110022
130756544 265456054
99224658 322550392
47636434 357870427
114726739 128847462
33898408 288203432
134442107 338089635
58335778 288189498
47636434 391355191
91614178 164971070
8787788 36593584
31370999 162347311
132683466 34686457
98865756 67924612
115908019 15610270
70351058 163194425
32773474 286177163
19409059 80233719
17734154 205411530
66015216 60821597
108923111 105857507
141741386 101763380
125788856 219626579
46210014 124161321
