48979594 150206060
43114655 35282852
125415086 328731013
43114655 245083990
27746727 216014456
54046883 225136050
14125235 154121024
3773471 315386536
106507776 287172448
137740450 218545348
65174414 278345112
78365354 369170393
80514853 28137461
116084393 57217799
86925644 254011390
608319 17035023
39833553 322356851
54029651 198045744
76986088 2574533
41520531 352259754
92342149 399243972
129173658 153275276
135090452 381167217
3804111 38998662
7658518 105737545
53629005 31526456
109277485 104857185
57215489 402456501
70144446 278289314
104670364 181915234
61998067 189393713
126424662 32656314
7623829 220169289
121637618 266332048
94376746 89579339
115856064 158024650
16970455 170677444
103241183 212989857
14035158 206882715
115798884 198863803
138314887 109597493
30867018 188439341
114740594 46249855
138430295 186189718
100901664 20650412
76986088 279115503
24378496 308676977
96454580 56502807
136659079 134632501
138430295 119012866
96919921 153646892
96919921 334128900
65174414 370083358
66299039 149429533
18788653 352950511
112302007 240444790
92998614 61708258
70144446 345053807
24215784 33820409
129254313 113194033
116405123 400402923
69823568 21264109
48401069 275650836
49525901 49277283
77099628 267422402
116424989 247507010
87088035 215091499
96454580 120179686
124176738 347165453
117046521 172973339
132859392 314952508
117031145 248981890
39670075 223501975
130532346 25298048
133641782 74994484
52227384 82306583
49525901 152061953
109815851 366342828
96919921 311891110
54046883 243654993
138000484 294086792
24215784 127406814
104810721 132042059
96412372 18107712
140895366 349696740
109277485 247137287
104770557 96662417
133854282 230619595
42085442 197743223
136825004 204196509
108706810 136651288
103541652 173819102
79380698 357340104
136643072 344318839
63106567 224448128
134416005 287170817
108277029 255129230
92092605 140110022
115920114 228992429
82677058 44305977
85164861 271357740
18798980 104805540
38850613 178446166
48979594 284936942
61998067 373710425
66259825 224013800
12915945 395003118
48979594 365479954
48979594 116883632
136331110 303943161
130077548 327639155
39833553 101856488
24215784 65226485
48979594 146973884
46415349 371810080
92843063 248449287
54029651 127379352
43114655 86745467
89897300 218891113
34737895 375749343
44616691 368933906
134648874 252122800
64060923 131880263
50538209 89242693
25288569 18189868
117031145 209034921
132575385 9267693
11521732 255576662
119131148 254686463
94173761 125695683
48401069 339233888
3773471 348605103
134648874 7358940
102096053 185037607
40243175 26160410
97009883 195257393
56962081 151654208
24215784 392623984
57608090 320593836
48385571 26152301
141529449 337909357
54029651 105397745
117046521 157426505
23090493 313457707
35418435 275327771
24215784 176909614
113057271 359708196
96084136 18670975
132859392 958734
110632475 338454769
48979594 382684850
33653440 285084503
4651576 85533702
15795621 190694077
138000484 337686908
88149331 262575539
126424662 169095208
3804111 226315848
76986088 368367083
48979594 330250405
48979594 282788838
54029651 286834758
76986088 338151718
67275977 148414065
19381333 289190177
65910194 234550829
96454580 337345554
124247158 16460002
41347685 69074862
96919921 274572789
54029651 249645863
88428110 302778504
96919921 35339490
12092954 289398097
87088035 53065082
41347685 399632785
86543879 212113230
64749469 229959855
135738498 320027125
100901664 328062713
74902831 123265748
128575721 49327314
119131148 18981108
121472075 375516472
96919921 134452778
76498780 104202558
96919921 220245620
61062450 304858133
7623829 178615860
78365354 187808524
25853101 387789455
21251819 399899168
96919921 254449055
1928096 356135198
69255224 312165551
93183576 8055128
139451492 340063873
80514853 225609938
54046883 363201863
51898855 392800445
96178236 14245732
81810569 36639193
97772305 176302586
6241617 304691377
18798980 70413018
109277485 245017229
104810721 195862279
109277485 48796101
48979594 90416605
104810721 291348076
106504393 208973497
113791848 68000960
38252266 181019654
102700496 366640976
104588677 189041923
4707609 149222809
72614595 44673150
98057100 204854653
71437303 222960160
49262969 259883429
48979594 114370947
31370999 17612197
39855465 325239259
14035158 14136232
108949633 13902289
82416448 53297350
100901664 16464528
138314887 185902363
138314887 36210505
30625414 134058902
104891848 342844659
126603266 22627753
136643072 275264557
43114655 128960842
6866692 225322702
100901664 148672829
138314887 328142334
84789960 42589799
140895366 43422799
29733525 378539828
109833155 309123435
20697861 4402340
96919921 145614316
139600267 327378015
37644304 31504671
17254185 310634356
94173761 261526658
47769110 60968656
48979594 48792121
121637618 400878726
24215784 138563485
68654727 66121343
109277485 113686042
41138859 305653094
1351481 139013117
109277485 82898799
24215784 101114959
109277485 293217529
7623829 133935514
39949863 199915044
36312535 319890565
88332423 136094772
76130800 226850549
61062450 224049950
88967217 88038214
104588677 236315787
65663678 272571680
116590113 2782091
47716077 154344701
43859278 321646366
39479918 211151290
119131148 355193805
39479918 338318792
74902831 64716217
133641782 216688148
20697861 391840175
129173658 147358654
123862943 186163395
105528616 295853347
119131148 98817805
70144446 79082497
82478380 146244966
48979594 169874128
90455437 161424108
65174414 258274358
21668253 143822604
39855465 392614071
24384859 358297577
135090452 365867412
124176738 348078588
114740594 363386614
96919921 174778373
116688317 132630727
66299039 92350862
39003640 264896173
132859392 18836362
131809807 236196810
14810140 176842457
19381333 191825462
24215784 381964196
122874650 319011818
132859392 22346084
27746727 259541758
43706751 115956185
19785023 314471462
19785023 364173744
100945241 31872565
109277485 380736156
100901664 77642813
133854282 403990950
89819186 377532815
130679957 361390791
43114655 281522225
39003640 211171296
135090452 233590828
16020417 373609432
98946475 355969012
124430073 383465545
132859392 276984742
130369251 296968781
139451492 325503500
85116925 224678616
96919921 203570498
103241183 334085347
65227955 71985415
43114655 282168429
102332975 126807896
54046883 279675740
3804111 49122916
122373269 80861862
49525901 150350835
55496517 280607812
130463595 399430249
96919921 78046802
121228590 322395262
27572899 271812150
85164861 314407616
115856064 310014223
86027563 403851838
140334474 284555480
139919319 15839663
104770557 62272294
3804111 356222357
48979594 134597304
88980512 117477406
38964148 197489806
97009883 104492914
81810569 167503207
104891848 125666923
42085442 232210635
92092605 241775833
132859392 314992860
39479918 63866273
36148755 269280095
96412372 230620095
48979594 317738009
116568644 248915377
39003640 262122684
84789960 326498667
96454580 31997357
38056569 6646666
41759212 298206428
31637860 168762022
117046521 320501124
14125235 320893552
124786576 93896964
105568389 34721781
108706810 107985791
96919921 29579707
112576684 167074648
85164861 117421275
33653440 264951212
133641782 149334823
97811342 347160500
96454580 386142537
108706810 142542580
65663678 315489179
58335778 67146752
