77156018 315629110
36328591 5588874
40656893 173050859
121472075 174575245
12161548 232713342
105530949 57092078
69799403 380191344
111698341 277691446
39003640 16066930
12161548 255106396
106651590 55527410
15588377 184530874
47174804 371626456
137252013 226800070
42557900 385070939
40910479 144625473
59355812 95766285
61414783 232841534
82531954 14136232
73784219 291348076
109489219 22393793
61849905 148609993
113592098 219614189
113299928 203838318
31643251 352263054
5381539 124393307
90342802 367565933
1778994 73618308
4264807 144220345
15992933 6140350
72521730 167822567
126629557 62041507
77802915 321843726
1778994 188403390
23731773 74900833
40656893 7189434
128480499 105208301
77156018 267590009
93993216 382389745
84675350 20060299
137252013 172747939
132611526 357139327
7312643 205782811
105373655 195850360
100689236 251730136
13715846 248634684
52417718 132134163
128575721 295894277
49272579 242808602
37248524 269053078
132940744 21481766
51336812 197488747
103724384 364451640
124673920 190191927
40907060 194141752
110716854 171777993
134132140 348827689
98679497 362005562
13045535 162652252
94173761 137524205
71659448 200903519
40186813 390634710
61849905 319053221
4205661 266717587
5096381 182809711
55588855 220310314
40656893 301091579
23115142 92112563
106651590 393642172
1778994 202270742
61849905 321188968
128480499 176262480
102764619 243472433
53400473 121890258
18989909 94202733
11869567 327328176
100689236 17833361
114058541 116964202
94653084 179102902
113063428 186451188
38267736 152632493
12373803 227733984
110041714 226023143
1778994 316870786
41999826 32579958
19550738 169179530
25618584 52096143
116403499 166919358
40656893 287082908
102921439 102075711
14437018 178007138
102857568 385224451
134132140 338690288
35257863 304752641
12048172 304092219
58658266 341040597
83399121 403847965
131228215 32010825
61849905 254333652
69673512 102960358
40656893 146423866
61414783 324144695
80965407 88335584
4205661 271848195
40907060 388936535
132398202 111861743
27313574 26041191
128480499 345122907
124510488 31040941
15483548 334072811
84483427 195457699
40656893 161003015
61414783 245873820
37248524 326122874
76372191 209034921
108923111 284386272
47104269 160526897
38267736 133999632
65664174 279202418
131228215 231446982
66015216 373693990
108423858 39622653
105530949 101591989
37248524 353497716
52417718 400114351
110041714 213489485
128480499 46480880
32480633 154365694
5964232 71269351
113299928 291677801
93530522 221922150
1778994 362660723
94173761 378400404
99030368 196840479
79729184 216382529
90093972 274941589
123478667 6728270
105530949 368529907
68763635 130650163
132940744 251179249
16725431 396298986
85758206 390555936
40907060 372091784
31573310 147681624
40656893 139128397
26588361 4935812
10471066 2061328
36886015 242664928
113592098 138481816
91223012 369613189
103724384 88127954
27313574 47694424
38267736 385601001
96021761 103919171
107876999 287908125
66015216 225806070
76435949 365346086
102764619 341699428
35257863 108954407
81746762 250537470
38056569 280368610
103872466 312392436
74793862 77994909
110071523 25893999
105530949 161732807
134132140 388604094
5096381 178792737
100781485 317337660
19785023 316742189
32455786 382832385
1778994 58754771
74851525 107484723
1778994 312479516
69673512 2543418
49272579 234289926
81828767 200723566
25231207 150665243
133696729 359595967
63116645 88064781
1778994 72114197
91351013 142098931
129608107 337681402
5111354 110085074
114336722 369028601
38267736 11661752
107876999 61811973
90670839 84237762
70378443 84511952
15483548 232869598
107808763 294704309
128480499 400626300
70597643 100216548
68752329 61072927
63105422 230558745
84051224 200624274
38267736 192461666
42605292 196136080
80514853 339298950
86295623 79103452
105528616 1446671
86295623 138014994
117106172 384564916
121605394 263411409
133641782 161478787
112978435 103083709
109926528 309070212
137551219 222892402
3303277 210902128
78064816 115376823
76372191 269976923
27895070 256469103
121928205 164115638
128480499 323349755
91156191 381321707
61414783 195915395
66421472 339722150
12161548 5087984
42109144 30202321
115983421 80796732
12048172 111615267
51222613 194130813
3303277 117191832
15913934 255741947
11869567 191818798
112576684 19687593
47174804 359737594
84434154 362520478
42605292 99763168
93530522 159501354
131240192 61771822
52417718 384069827
121605394 12227282
109825609 286610918
37449739 2394376
1778994 209646861
93530522 329482522
61028917 340397634
128575721 323682867
112978435 194701908
51923119 150319215
1186691 227222130
102382857 374214353
104531516 158555131
104418174 55147778
96577597 168806424
110041714 1039947
40656893 217027472
97346985 198510991
3303277 154326991
15588377 344587058
102382857 238678221
38267736 346200585
98679497 283989765
35257863 305610363
115913371 382389745
79729184 390176338
71679761 13017276
123478667 305952854
104709581 132412851
136718195 54729889
31643251 224111653
12161548 156394710
40656893 19408906
135241078 66752534
76372191 106304028
105530949 81982674
80514853 90109239
38056569 89039160
32480633 149751182
40656893 276628958
109926528 63387706
119490278 23677871
84626488 99919454
132940744 180675902
28836058 83323150
141202059 90294129
115403250 32378489
1778994 298585639
68411170 204662489
74162246 367866644
33141354 404001021
413028 182918215
102197653 371810080
49272579 115143499
23754681 52388194
122869892 361150211
71679761 94829738
123478667 180998188
71124457 214759548
33898408 64061998
38056569 61592870
129862703 127489197
92979905 382752910
106651590 3167054
115445283 219483645
28836058 239239059
65318799 29670415
128480499 296004566
60408316 150028532
12161548 293151661
83399121 353643385
79397371 339392989
134132140 228050
79718937 373241695
93883985 197803220
14214900 182645658
1778994 391050904
74793862 133511022
53010106 163115786
93618357 127101575
1778994 245620158
8182708 30090622
59131631 194654582
68752329 34251321
134132140 179183615
71679761 75560459
15575974 199879467
11638069 349322817
70378443 296004566
100121590 16659806
33634367 105839024
413028 253482290
74851525 142279367
80358420 293238920
137252013 239200348
37449739 360958542
413028 12265214
65078859 265736110
39593162 246876701
112576684 218942491
5096381 256202646
31576281 281697757
62593471 97714773
40656893 32664206
96728721 336695759
119897892 15959670
122869892 20427326
47174804 322148210
47174804 185126108
40656893 245078065
28836058 61838813
72521730 175171349
80514853 16203910
59131631 303810365
1845368 180233940
35966507 66718588
110716854 162350823
3303277 217885620
11864903 238042770
35257863 87996276
80514853 9044604
21573720 39780936
74088786 84711749
61849905 375590312
124673920 219859019
109090731 340631869
136718195 284013696
117378863 349051058
102857568 215794192
128080561 120345263
81319256 16182245
1463350 101222188
58879941 234487243
19550738 121894359
61849905 228799743
113299928 242749821
34883946 359206660
15588377 341457607
59131631 37204035
2642753 7141388
123478667 80192181
105530949 213180925
48705734 171686678
66721209 129381369
31462872 237157604
52417718 201842206
126629557 127845459
36123691 303205878
118563224 347877350
1778994 338846768
127929103 357720886
17734154 1079761
30562839 77007251
6658929 227275517
107879987 61285574
84011193 2817931
51923119 330719075
3523116 97508632
94173761 237908618
19095 287045289
71679761 255563290
74851525 32515078
64250909 132412851
31573310 4486449
124673920 287172448
4651576 197946421
38267736 357495173
68752329 76350545
61849905 84914910
3649107 139128397
134727305 231945635
47174804 338025853
41888827 119234970
8447815 335606934
110041714 317845585
47174804 156641612
5096381 17803603
135126112 14033597
107667652 40841338
1778994 340994424
13045535 384933602
103872466 114489602
117488360 167074648
89003687 135844237
87477352 248267350
19550738 397670044
35257863 284015196
128480499 388496231
68752329 313252574
126975553 148087686
35731634 316055244
133873528 139128397
17471472 274886086
49272579 374414110
95920514 389125708
38267736 331584159
17735458 350867829
413028 140240547
107328166 152786137
38166465 343732615
114410186 147791755
82478380 105069757
59131631 152236529
25231207 265716644
82878305 144625473
17254185 294167986
54941649 263411409
60420048 233074156
96577597 317337660
132683466 202804844
5096381 245896160
