86117457 246229822
1561610 375419082
128973314 403813216
132634718 167717621
56057350 268338221
25774265 168202325
95593269 260121822
39833553 234711059
97778125 224013800
1561610 9819823
79395550 120030379
109304751 5714862
140758038 119138725
90469270 183106247
61414783 333717719
73570970 243044867
77891491 161817209
13532967 3769623
126290391 250281209
126453933 216346794
49078245 390634710
56057350 381747656
104771014 122057227
86779833 399757614
93355152 124441204
92342149 314307236
132859392 151695664
88644182 224619571
43294498 383589712
134450458 343583893
112009635 369717183
89389805 282126382
114999744 246229822
103241954 155375638
110716854 403378763
89819186 278403468
48012710 117505450
9748855 175100369
120888424 388434243
141887141 190269206
80615458 101096343
123700488 381705714
74994281 206898719
19409059 378303671
51331338 229371847
3649107 177604824
112302007 380883845
132859392 382483194
61414783 57469483
17735458 238691034
81273916 113085443
79913871 364080640
67469321 18330561
114410186 292108208
112928272 71616052
90621059 99773123
132859392 348359590
35940004 161320691
108222861 348723609
7963964 353660830
91475997 182794933
86779833 118935479
49272579 335167145
62365468 98772888
79913871 140317371
127320840 153989971
14022295 254266946
133550084 338089851
110848208 185310514
68324780 347877350
37248524 259703374
98080912 329218171
132859392 198887671
77560967 312074334
34726083 53218188
132045912 257536935
114255327 215391031
126229065 133109698
36442529 241747167
132859392 178674843
109304751 349350276
61803293 249082793
108493335 19377699
83146472 353738713
111289035 385466119
34726083 389369791
48213081 399265917
48473436 303716452
125809408 152184098
77560967 164638293
76389315 305545325
141224661 245883083
43294498 146405511
52402505 164944855
131228215 195895922
88612821 113869476
89819186 276697732
59134774 372654101
106733895 264158866
61414783 25630521
95507515 180652009
79913871 314665382
47781222 323897766
20964170 170436826
51898855 101135367
67878902 106803044
132859392 346587510
7963964 49195704
19409059 300183067
88481472 244050536
61363397 98656648
88481472 77071348
83399121 322670097
47143734 338615186
37424427 135472563
51898855 286534167
101712435 12376117
140758038 2637243
70351058 44353160
127845416 381679323
114999744 171331278
77891491 138765182
7963964 305721512
141224661 296538664
141838906 120703151
141224661 319241312
87276218 268677625
77560967 208568161
114255327 351887587
48925070 340144424
39833553 70078322
132859392 253814978
85305086 84103754
126503281 264688108
55819379 294926832
121300305 136631649
37248524 179675890
82102283 302578761
132859392 352799830
135084225 108994317
37449739 47328145
141224661 200491724
120228731 142015520
68963870 181029168
110325188 235632241
36465131 344201898
53629005 243294960
77277952 177438437
30831194 159943396
141851381 126845972
1561610 379351767
79913871 99998270
1434119 179974739
97924986 232967954
139600267 23226492
139600267 136593146
139368366 55939918
141838906 359087323
49133248 144133200
127753099 107003790
127579903 200761777
88481472 140486558
65663678 158926686
111289035 80123266
61955690 112748727
49268103 86629066
132859392 123512844
79913871 113283237
140758038 381662846
7963964 284499774
74346830 87378063
107802336 69693364
39833553 7584884
107802336 386970692
46113230 290362787
49078245 366911878
73570970 292073888
62193211 11314373
4205661 146895148
22272451 323050400
84536947 301694306
64158384 170742994
102147802 145086163
121472075 375516472
117916111 251029768
83146472 261305538
117916111 309775188
16403991 20437359
116906904 168036320
48688879 58530365
28821133 264374417
130227880 97584230
56057350 354917057
61859408 71171048
132859392 108323484
93355152 53404201
3523116 387459938
93355152 109228508
76389315 212332060
34726083 73673397
130227880 169258970
25205000 237108955
74994281 41821926
39833553 75948279
83399121 36891184
27495269 375254201
63479831 176066691
2989488 49021670
136257384 319816861
14035158 238670472
112887316 13754120
123700488 38029348
136257384 140621915
111491237 321611211
61414783 25076172
53288942 312172813
16864147 1204108
83399121 111762555
79913871 397623832
132240407 128405481
80324141 77055473
2642753 318276140
92342149 3468923
44818129 49784818
98599208 59070517
103761429 64141587
75992430 368909617
132859392 309665529
119935459 61689991
57029481 267587147
6629168 149844302
56057350 171356065
93355152 83486021
132859392 134691795
110325188 196445759
141224661 96893288
37424427 60968656
68023187 157454088
114125718 326679249
55554272 372600182
18716126 119806046
47769110 17085605
95280402 44300975
77560967 12605177
75992430 94806388
136257384 269750485
77319007 74977824
77560967 199946690
112933699 125543629
15980685 49628453
93355152 155546302
23806494 116887874
73570970 200276964
37971336 269393561
89389805 335561857
63479831 262399300
36022598 319108247
139600267 307907730
47937507 281506197
53886024 185391731
49265158 181250868
87056813 292454294
131228215 325095117
34737895 252333261
75992430 134265592
61617820 237780465
114036937 7961345
48540190 118947995
6257162 105208301
47769110 234541134
132859392 385636171
68963870 84011600
115285551 240441819
55819379 140949592
93355152 103609430
7963964 325730712
1561610 190068470
134316585 340726903
101575627 356759509
39833553 51502826
140758038 398260726
7963964 192375677
51898855 254627155
132859392 334780250
132859392 259988336
22666062 55527410
83146472 30839452
53791365 181217263
107802336 211337606
135791933 128531649
32455786 60860532
126601909 382358582
88644182 246334716
92076034 127664204
93355152 399583215
76206744 83620822
115577187 172823501
81892524 10473346
49078245 389204633
6658929 390457991
37006225 334229044
132859392 200206349
114172141 21031009
63712853 109551528
39833553 125235861
37252955 293735876
83621454 58579268
105364881 352882725
51965294 354602963
133031809 255272850
20132045 384958606
3773471 271880426
68286406 229162019
132859392 306054212
51965294 115028382
109606491 74275278
21691697 232691342
132859392 319011126
141224661 273690892
47769110 393642172
68963870 51417616
83399121 276530643
108984073 302698358
95335821 275264557
30187992 1780156
133031809 258685927
56106491 258197240
77891491 259962446
47781222 45670261
73951228 96344731
141224661 229615383
92076034 120325001
49265158 229657511
118197087 176728507
127753099 311377654
53629005 210170926
126503281 392966567
108310993 73503920
109926528 231294841
53981410 42473671
132859392 291423600
101010463 71851096
87276218 328060109
82962042 66493627
121320202 368638553
31150503 131904115
115577187 108806867
73570970 261780343
88644182 204244837
6658929 242785943
30831194 398435580
65663678 79709301
123700488 226941580
141224661 260448342
115577187 255179747
84736843 225169383
627349 130961548
48473436 90406656
118197087 232226079
134648874 233079136
69667551 372698149
141224661 293069420
128973314 142022728
115577187 235250190
116403499 29651342
76389315 146543101
135241102 368384161
107802336 293277130
7963964 322626733
115577187 10287803
50177259 189896462
90408008 106925858
24993608 266180804
46113230 134058902
142258739 241866115
77560967 130420013
