114728469 223006893
3649107 8280391
105500708 398528490
61531068 204382242
57014834 16987945
132859392 402972255
89205429 314903844
110193997 39812761
102942038 195106407
132859392 118745119
32156553 212286486
110422419 335494724
116557044 262856731
64079770 358268489
112928272 191250655
1001707 283909301
119635601 120163080
134727305 207624854
131681429 356054206
24414641 53503979
65541703 385922835
130528101 341239207
3649107 35689600
59474616 2031074
7963964 60700221
139919319 103470209
102942038 172422105
31192527 338276854
132859392 94391220
99218322 36351033
52673329 206804989
124843482 364362266
132859392 29189183
34933526 238668797
95699045 125666923
95917845 202743045
14296219 94268146
67162826 139510153
132859392 129319473
23026017 334298076
47174804 35727193
135424089 225151081
67162826 50725202
67469321 228097275
52673329 130733303
137637748 253486662
62613690 196412330
121928205 49784818
52103664 19365106
132859392 387501467
28572200 54712988
74909565 154115191
62153331 133195728
69643847 173474519
123700488 375596511
128948552 114728277
64301405 4402340
3649107 96207337
60318855 194043013
94621295 216726895
28242823 234772373
118825889 237727178
96888422 263411409
27527098 343707455
95766778 254363757
123488278 316816595
35257863 307865857
92843063 187553947
132859392 150141808
608319 14429702
35257863 312050085
118974630 153304978
21552019 195624962
32156553 227244659
1561610 398425422
53375253 133037124
56127169 259883429
36465131 258649961
608319 133892651
110857935 95730276
1074226 126902916
131681429 167881772
132859392 351610922
118825889 4747758
73570970 401793663
102942038 38009137
134727305 273164936
67162826 25049128
123700488 262111269
132859392 368110150
61531068 31266110
138292074 28595385
64250909 122298862
64087996 305088345
118050149 233360034
47636434 298084166
52673329 299636575
138292074 389129871
59474616 36987654
114726739 204300868
24414641 4035934
53515825 236848918
47769110 247152684
27730102 310577673
7963964 50027185
86543879 77188375
28821133 209317389
32369117 41991653
130528101 170598767
118825889 130848059
114728469 113583942
60516626 401707722
132859392 7593686
31637860 330077269
134727305 136925449
62744953 297281154
132859392 181135794
67162826 221898358
86345448 9870138
12632816 153658126
35002050 328239269
38122707 162612670
24414641 2362550
64019247 155901943
70667694 246836968
100326566 142275559
47769110 60076086
129396831 343548283
99759576 306718131
130326233 49491453
79408517 302446504
110857935 226582869
24384859 51702375
118825889 38420935
50247764 390060111
3498609 253486662
47636434 50002780
35106275 273052482
101100724 213012452
93880023 56766990
31637860 255438476
4423839 31532943
134727305 131738825
89897300 311120642
42190607 263598153
4904673 240708374
95766778 367178753
31493754 262129118
132859392 222892402
32649465 347877350
126975553 313233978
74909565 44093804
44318358 192032675
81746762 250537470
92843063 12236266
102942038 78273096
67162826 62240874
132859392 372153147
18760411 294014107
71952221 389540570
132859392 218613558
114728469 268065836
86058116 208649693
96919921 276085753
27313574 305522363
48182677 24344060
77560967 208568161
20545709 354226830
37252955 306931036
137252013 167074648
44037373 104241347
31659386 270320816
132859392 335150806
47636434 67523010
67620685 246643571
19041839 34216254
74994281 291780563
126975553 41052602
104588677 292243173
102942038 14895687
128973314 371945504
22052162 401388343
128948552 280057334
4423839 166528550
47503453 1005945
127813943 27502916
73570970 240958404
111736993 353101650
18760411 277234419
62942804 64524944
87276218 100041732
4497869 297917059
43086389 115213750
27698306 69951623
28572200 141991897
52673329 87168521
52402505 214688548
47636434 48647625
18728844 17868801
136005200 143858119
53886024 191474226
67469321 256866277
47769110 380820675
32156553 119074127
132859392 194314260
118825889 221978064
59474616 230280028
132859392 103324361
112933699 332466150
95766778 37756376
132859392 388002032
55860355 287850900
124843482 69381388
132859392 301141983
140332355 339617204
71588286 236505941
132859392 268871295
4423839 35050572
132859392 149510972
100424208 142700244
118825889 297252695
93265903 265359462
10350270 316327471
116937648 186609236
132859392 173224768
52865510 111679244
134727305 230491208
58517853 85794087
82898642 172925246
112933699 305160415
66015216 304752641
43839358 169210103
73570970 264411335
62744953 113237743
12632816 21214505
130528101 140110022
53892787 292576581
132977088 105435085
132859392 222573594
86779833 296337118
132859392 237785376
112928272 282193639
85393494 270151932
132859392 115663466
118825889 341287179
39833553 225323018
18117036 320477623
31222716 384865238
132859392 388811867
53439550 5735575
107220228 57979044
123488278 80123266
32156553 353618326
118611432 550103
4423839 176628110
86345448 300691079
86779833 81697123
24414641 300169364
65800700 241519192
114472199 95910606
7963964 79004804
26002289 354153487
33141354 130783597
3649107 219226802
73828671 368786352
60318855 213191059
57029481 178815734
10147559 50127185
130077548 163318976
118825889 296926192
111667443 345488775
132859392 378382759
123488278 385466119
18760411 153843247
66835786 19263520
19381333 173041723
19466917 137565703
118648150 184648114
52673329 232822393
111736993 171315964
106144107 167679428
118825889 23027476
42190607 272571680
71910013 115851820
110857935 245727317
1655526 132444951
26841601 76729942
39855465 296125733
95766778 201235285
7963964 117829312
79906643 144625473
39833553 111231594
70892487 269944476
14022295 359042506
18728844 276412124
67620685 342437513
96454580 152402987
32156553 321516570
29359060 56141880
108124253 177608811
118825889 109038547
61840500 94848686
43452270 51667153
132859392 171981426
72878169 246653248
25815801 115806960
3649107 350127692
56057350 185951525
114728469 245119933
118825889 314832287
23026017 28255517
99768410 267903471
25331864 158926686
94173761 101244571
23026017 165101425
9957695 94598483
65800700 303205878
132859392 272562087
64087996 175779442
118825889 92367200
122202311 306186100
39833553 51502826
53964738 264105416
137312139 50311458
20759992 362823754
34721273 57998298
95766778 312472382
36465131 383138574
26002289 93768008
106277262 21070039
127332408 355164957
31493754 297578528
118974630 230646298
87276218 162277712
4904673 146937492
16426792 100571874
106042420 311674876
35145947 35708634
62153331 392406079
52373732 235370360
99759576 383359871
116557044 269182383
70124937 395809099
128973314 145897027
132859392 45384835
134727305 298408547
40576723 218731702
47636434 139661124
39861536 270325627
81892524 152676643
92014282 231523677
128973314 202166530
124843482 393642172
47636434 368754930
131681429 124005123
79756947 122298862
137252013 375612201
100424208 64493342
85164861 286506508
71490724 2720539
132977088 382653355
114726739 254129544
30928127 320525658
35391440 34727703
114711718 32110985
71490724 370171314
20545709 347512191
47636434 241689586
132859392 53135995
77560967 390615001
74541990 123219653
67162826 113834048
114728469 202267650
11892255 159245820
16288988 177076164
47636434 164170198
103701413 186942513
74909565 100936707
64087996 139452948
132859392 256601178
72498476 169212581
64087996 69833674
25331864 106815966
77891491 69641914
110857935 190677249
105940851 282014995
47503453 316592013
33290628 267818285
132859392 31981148
47636434 261386887
14469758 39622653
124247158 23288981
141368648 374890725
118197087 94006542
23769172 33527436
42190607 306006310
8598345 229324385
13532967 165101425
118169472 21731007
98599208 37735041
38684266 304535081
99463552 152116005
23721294 372683891
53439550 330340922
47636434 109368525
70634382 20987235
2210210 215107910
54228513 134058902
72485275 363724420
116557044 13526331
77260083 207218246
136294636 6966430
69636615 132042059
31493754 310895330
24414641 359240416
27313574 377460649
13364537 246678027
101575627 287528981
133027806 54388105
28572200 87603546
31637860 270238206
9957695 255609209
110857935 361923412
47174804 12691655
64087996 239307373
11864903 235633043
86543879 365521719
23026017 138579492
50021148 243792000
56127169 99064172
118825889 188369295
132859392 381019492
1186691 177395771
140872172 89666677
44718780 161078271
39833553 339332223
103513159 334826903
24001750 249141055
110403987 133013889
