93447066 402148754
43359390 327752753
88980512 2629383
73784219 264112009
58206242 178189750
31576782 17888383
50370611 270362043
67370035 359797704
55496517 2215142
58206242 284285981
38940871 167709364
66369549 315636107
88980512 57944339
87975311 278069032
121552946 210290989
35099300 231567083
114395653 228899981
97862797 381945335
39304410 136778482
142309360 222286317
108768391 142680514
82515153 198208509
108768391 202432416
108768391 13742803
58206242 227411844
44422702 256065253
113730629 366320763
106264780 85090285
34497428 349675863
66625323 131904115
130756544 95974844
113935598 192204361
132398202 127607167
45349887 180384097
53879840 298206428
104771014 122057227
141422572 280373712
109657786 39051316
66108640 16008838
113795499 126872851
58206242 132557914
108768391 148313401
114058541 310891654
28295597 143315949
116671529 213577666
124717738 264951212
114410186 351156687
116486348 291952422
15512466 148330818
74793862 343737393
81277846 377895073
46210014 390959419
11869567 48572853
31576782 210387599
57741871 255342795
70186590 66687612
34390644 211808982
69113799 149543210
33277457 285975774
19785023 78871525
40656893 100374507
22088523 273307550
63144168 175932019
122721850 386237391
132949381 89106670
19409059 391964890
55496517 208277938
133696729 6339900
36986111 166276470
63643294 248629554
71159805 259694552
34696590 370854864
48705734 87325890
40656893 50870821
65885234 282854298
47071435 42899775
132940744 389987976
13117645 373203025
31701455 11094998
44074466 289803775
39304410 20327546
58206242 367741106
29367711 52187857
128044065 2424842
125788856 343072184
3219318 55828649
63643294 185599291
114740594 166385385
73784219 289224658
141422572 50305648
142309360 1079761
65800700 262248462
38940871 17876649
128044065 66575170
110590202 323157419
10997935 357181362
141658190 169906652
78735780 299683782
76372191 3997542
6866692 215870927
71104421 273052482
30867018 203333956
3191999 230793437
10904782 382489422
74158682 211808982
72071233 395193143
63643294 372514788
125736325 160019454
120537106 349264082
139264243 314041390
6910165 362285011
37267625 133536491
65213986 142015520
15350277 34032473
123485466 27920612
11869567 31514199
100772220 272373655
86564746 3035361
77918889 69925938
141422572 260711250
95507515 14496528
127845416 140486558
50405875 299356999
91388134 265757035
65885234 90770898
49272579 221362198
47071435 216357875
132773972 153882018
75583025 59439035
49616948 69772510
16898091 137984889
130532346 86414248
90759931 364807975
10549716 51239161
30867018 148581437
31232686 182648794
26381102 260149400
92518643 368488981
94561358 399685814
51299959 165487768
87784166 358639579
75583025 78666127
39064405 330719075
102175750 305359534
15512466 69919363
97862797 320836710
24861651 121278209
48676285 323324092
100075093 277137409
64941388 327139304
91401521 403867251
129022180 68000960
65885234 292243173
120891815 258891849
44422702 23014144
105530949 296639942
97641695 226622489
60022410 208026487
60473530 274096975
130756544 286137948
18303437 184655705
65885234 47893633
14698625 106933670
3219318 128322354
90759931 84916879
60023876 230153756
47071435 3119696
132040792 144625473
87806157 356095826
114410186 359997392
65885234 267163073
53714816 347248666
87806157 168975038
60023876 72877935
139600267 149210488
42163589 206882715
44403635 198370594
65185404 71851096
113355385 139890953
59819007 264469913
51299959 296004566
105181314 277789830
100781485 134778151
44422702 329514199
122257243 272577879
65885234 25411974
103241954 25008785
108768391 365640119
133696729 170917170
108768391 97927636
10997935 302134707
63643294 6065689
47143734 401138994
11996708 180312963
30867018 274382535
39006152 242044853
108768391 138952658
82228572 322997441
47071435 70872525
127929103 80569697
65184262 108280474
43359390 221695615
4035167 390181058
128044065 51252385
69348762 166696453
52402505 327048894
86564746 343916713
47174804 233885546
16847478 388998815
99538210 97868598
68113752 346651563
101571478 339880844
18150397 138817275
98580767 281337364
49749880 254155188
113239449 393642172
72071233 147226727
125300670 311234607
29220470 374890725
48705734 401707722
58206242 361604156
6910165 296026116
67162826 187050873
36886015 396034747
59474616 323448044
68919052 259019597
40656893 191250094
7944698 401160853
112533984 132237415
138495343 177642592
37005580 366993676
18303437 262112219
52402505 350997426
61732051 377931443
41515205 204287573
45349887 19790655
118625905 235832302
97862797 61516855
16716001 95135752
87806157 276578731
120664599 355757281
65885234 334171201
10904782 316201408
76609587 324729236
124789729 181603609
65885234 385045992
102976052 67156158
28295597 238727474
106210007 299543044
106042420 69894005
130497963 125219726
72239230 354525367
131856380 150021723
31576782 166834405
17785839 279587120
86564746 105423011
130580296 70158516
130053469 356442377
15817558 252838471
86385789 89142641
26240479 84907912
38940871 1952844
19550738 212544827
65885234 144432193
58206242 392484339
141528571 347221497
86993985 372368188
63643294 375938382
113935598 362505252
58867936 242356201
75583025 339099583
132398202 178504330
65885234 197631998
48952506 218678123
129618965 313932358
94724265 46235276
92822745 120788364
18303437 314903844
107667652 339984724
117788466 394723730
66108640 340192441
8557866 12170376
6910165 100236350
62365468 340029333
36016747 101384912
38940871 8579660
82228572 388795482
62365468 342598663
51898855 51698585
3219318 154598318
42716226 250637918
17304888 144889284
37252955 167955349
44059108 173576433
43114655 128960842
119235767 10884474
48182677 70667811
100781485 204278667
116379484 355007687
35257863 120376002
79756947 142015520
107667652 247453075
105999943 295226844
82228572 20955831
9711778 300930741
141942808 347537410
24709928 214912985
141422572 192375677
109657786 101222188
65800700 323582185
205463 63339661
3616868 87608865
88569994 239127061
98080912 127947626
53892787 74411124
100781485 102579513
52402505 290150258
33318592 328315294
141771287 86519304
103724384 380805917
63643294 376107632
49749880 327733506
49272579 392332982
137567393 27682411
138365780 163453430
142024804 388207850
8832019 310796239
97862797 117081791
63643294 299786097
50405875 312941658
15350277 135967632
88569994 53633874
44422702 112076106
28821133 323237386
69953654 311674876
43359390 112764816
49372972 91899707
33277457 111611850
71154103 132533259
15350277 279216529
141422572 124497781
89606580 399041340
101954510 286947108
116225160 211808982
140758038 270921882
108768391 205238881
75583025 350238185
61160942 366320763
47071435 87027939
137567393 151903729
130756544 82358646
112009635 168187265
102657363 401471599
109926528 383697912
60420048 368400412
35099300 327434602
100781485 336629493
51299959 139331783
44422702 88120288
64342546 398655235
96294796 146868532
44614861 128936840
130756544 162173288
114395653 122541703
40656893 12210021
102976052 337731950
65885234 358098070
83399121 114051741
122257243 380038798
94101029 347355659
133696729 148256800
19785023 314471462
58206242 304926251
19785023 364173744
78735780 342965602
108768391 392352591
116568644 135053469
11869567 267525394
64825245 326446774
35099300 228550476
3219318 119619114
43053622 156318180
56089582 53503979
3219318 300580247
1053509 314437273
73737167 295310657
94376746 89242693
58206242 188586903
52217948 83993719
60022410 23127009
117604582 81368067
69673512 56409043
51299959 36651146
102764619 58592756
94561358 367960833
108768391 255019108
67724206 6256891
141572511 363419850
130756544 70385038
63643294 259921899
28821133 40267578
58206242 219307268
29368223 402993170
62365468 285828606
18303437 292243173
48952506 60589836
25891315 379320110
19791127 371889717
38940871 401993172
6257162 169410294
7029695 244803083
58335778 331890139
72071233 343255385
120672595 182692247
69348762 382813927
87975311 328205769
10904782 266207646
133854282 248784784
79408517 381435959
6252398 126966668
24744728 357113459
64966045 110334721
13149712 239032415
5371256 261459467
12846167 296805528
8583317 389948767
19785023 84773745
105998397 392830891
76609587 96953158
19550738 166246536
141422572 204662489
65185404 203872038
128044065 282469769
63643294 283846012
16847478 167074648
85485962 268741225
87088035 305613858
101954510 318812272
63109080 152833401
68113752 400228872
44422702 393812825
114656315 270325627
88569994 164284569
72071233 123543908
69113799 167074648
94561358 254947408
98080912 317841481
102782588 198519715
130756544 296589005
62477900 79750204
97811342 347160500
12915945 290636142
59255184 316298661
96919921 106606834
62365468 346866205
8583317 312328370
100781485 205661593
