100022795 49905687
70077767 262844307
99309786 393218866
110037626 8351288
132859392 315528158
114410186 2248698
78836388 167822567
25800428 21017028
120537106 153398204
70597643 389121330
16426792 164224117
81515255 187016035
101613012 231595866
135263255 401188204
97391321 69321912
32153992 401589592
128399640 385271371
29724390 166848948
119859365 98723089
135241102 325043105
25800428 54606095
100424208 37084429
56031292 156158383
39304410 281129951
20048853 136444548
5096381 363553612
6252398 250293513
89912374 147350878
35717987 43823915
91542984 400337559
109489219 199979719
141741386 59534
28401599 23822597
114197535 160983909
141224661 10811127
64338314 67849140
105267575 73277925
92675553 341849097
133427880 247152684
126590304 296799255
29724390 373900150
95335060 257306184
132859392 232089871
16426792 100129496
29724390 108555580
135263255 223555621
109489219 302025964
139659471 184616459
68375070 189643313
60516626 88196283
19381333 3723961
3961781 390232790
139659471 241717497
131093879 393589050
57888518 26205466
42190607 247099018
96728721 16077272
115981262 249748197
19166363 347186782
93053437 255389030
132859392 106067050
4225871 321646366
50712960 129547901
53515825 205399289
93765006 386736057
91338720 40518075
132859392 191490505
135241102 216305852
132859392 402388699
122869892 160312999
39304410 309201675
132859392 280670025
119613283 128084078
135241102 46308589
126501325 114113199
19381333 357038660
121571277 194109891
132859392 371562249
95533704 363642182
45623941 18524817
110037626 48357835
90806967 212423296
12510618 69958892
2617659 117097778
139659471 190899789
122787388 393127572
1008870 283162919
108259909 305950235
20238343 22359736
94173761 88632630
22425706 292760609
53515825 73870756
97391321 117760591
99309786 371721722
110037626 304475256
132859392 296310672
95335060 150926736
126501325 249774140
22495199 292868794
132859392 56753052
47769110 106293513
11996708 247912631
74158682 177999050
132859392 139300433
70680961 341849097
55336532 126875312
43432534 42241452
38252266 187073000
131530044 6766564
76109602 387474932
91304394 341320749
49194169 92737081
114395653 230832739
12513470 64803533
86907014 132235562
95335060 332092055
29144404 225504619
132859392 274451057
76389315 365489475
92616400 397882607
25800428 90498065
105568389 322812736
133591154 205900899
76986088 43987633
19839658 282312598
137038952 55935774
25288569 281961449
135263255 186081133
107667652 17936893
96641995 192705443
86907014 226933963
74475638 363333094
108768391 141347927
84760261 30244339
138099149 216181842
29724390 403813216
85305086 111040626
31192527 46480880
100424208 350848234
37449739 146477517
31150503 277370171
1473160 264665547
110037626 144171768
1778994 115842631
4904673 158094452
20651779 386358543
100424208 195895922
90670839 89992705
40186813 230980432
24861651 269735520
29724390 291605428
53515825 237771237
137531511 124897833
4707609 354190704
132859392 174810748
15822392 165101425
141224661 116998182
98817070 246271755
105568389 329740240
205463 276948369
69998672 147980248
2617659 247632608
46772573 332883270
18292649 9619126
42190607 370182792
132552278 389100608
107667652 229904209
53515825 140240547
97391321 243296303
100424208 72800393
132859392 354275427
78598750 146461016
9343178 274291783
103686064 357871432
43393028 177263047
4225871 20389318
126501325 374214353
93053437 239300087
134316585 169279476
133591154 383204952
137683586 179180207
56031292 133182854
132859392 329212439
132859392 67826087
51898855 84544873
132859392 212111078
9343178 146942126
120403020 126985753
97290097 252371770
19381333 163626638
2617659 269872101
3762752 185775291
114949116 206868956
17602816 323582185
64087996 105734133
75656155 260979965
95335060 174743940
42109144 8802685
139659471 358856224
18187983 284712407
70597643 126515734
82309815 153398204
70492282 403371748
132859392 267446580
39304410 173736707
109523284 175107848
5096381 277380579
86907014 227626210
132859392 372955491
132859392 7718295
133641782 63886129
116036613 313098159
3762752 248238264
2617659 312271330
92616400 113453796
99903128 165048965
100424208 34376186
89819186 5317601
5096381 44641660
24063501 300354375
3616868 63195016
85393494 360719598
99309786 152521101
94173761 256506746
82216798 309405367
2617659 262263855
99309786 134058902
100424208 320550494
64106527 34581672
45761927 294750247
37431134 240232925
107691266 257731134
129768388 71170173
4707609 74909176
97265297 122541703
31192527 51417616
100424208 336503391
132859392 284428935
105099621 146335956
89819186 177099789
110037626 57835535
37431134 387999145
89819186 279591258
137531511 378652088
125422709 12084867
85639324 154659872
2617659 64578744
132859392 167269450
62436178 368198753
89819186 218699869
80802991 335676763
141160458 50881554
132859392 131265428
105568389 30142361
137038952 350768034
9343178 178856551
86907014 27899459
141224661 290665379
95533704 83590460
31192527 365674719
127510370 314075765
25072444 225120131
63582274 87125671
29438088 341849097
16207363 199738538
69723528 338318792
99903128 16875436
27472088 43691785
27527098 359916772
63106567 158354917
15376420 298781014
97391321 316555195
125422709 226229372
119621996 171561949
132859392 139371496
132859392 234791394
115981262 321616559
60516626 359411613
78279188 70921568
132859392 77963178
113894973 248545607
74158682 227894680
3616868 239134004
4904673 110972025
124225320 383941594
138292074 352390437
29724390 337991080
90285596 113210508
53375253 92867435
22272451 288309317
120403020 286976656
133996715 11236338
106966217 286459424
11996708 339694829
132859392 59962174
98167934 194447005
37449739 360958542
95335060 186278400
19785023 165101425
132859392 272084383
9711778 117820021
70308726 64979385
142357865 80446342
126501325 337379065
139659471 317907553
69594820 398937038
139659471 150404267
11996708 97664137
137038952 211925453
132859392 361226640
63479831 198272332
141224661 102020557
132859392 373227655
15012976 161800653
99309786 235095249
141565666 3938729
60774029 184518665
129901098 205359728
93765006 170922886
132859392 253623317
89304414 170071786
99309786 268612485
19381333 104698966
56645751 101222188
134002712 164651003
3961781 101008599
25800428 248083997
19381333 94357725
41704059 377147578
132859392 221551721
132859392 257729072
3762752 74193512
2617659 103089355
132859392 192893671
11996708 170573446
50541645 341732395
120403020 250818087
4904673 119486085
128973314 364318632
205463 64258711
118597588 186972750
3762752 249258163
132859392 30261306
3762752 258659173
89912374 317261585
65288762 386992394
89912374 347840862
96021761 159296870
114656315 181630953
125422709 29939791
137038952 344667993
37431134 267457404
47697403 133463917
77452875 87567323
90806967 391760647
69246113 178982743
132859392 321057854
26814910 314069950
51898855 145558821
29724390 301013690
132859392 303864528
90806967 247022995
47645178 155070815
29724390 401809465
10520020 360555981
22993027 300564649
86907014 282127975
53515825 362051664
139659471 104695024
123053379 402726556
62698131 352411442
102062853 301980661
93765006 137851732
135525317 179192487
128973314 217813690
132859392 70085207
109523284 110296654
135241102 351285258
74826562 203294510
108161523 27068301
20947444 148762256
65779437 334085347
9343178 393602824
97391321 198121272
132859392 43532257
109523284 152245375
4707609 391883450
50712960 332886887
132859392 84475008
71952221 121179482
37197766 403709156
132859392 306915089
92939147 8683678
70680961 153398204
119131148 249066228
132859392 335501613
132859392 387044023
120725407 210937637
74553691 23945941
133641782 59120247
41515205 210950374
139659471 98517695
95533704 19756896
95507515 245390394
80632474 145959313
10404201 282219801
3762752 57452682
83256271 183326745
99309786 121045554
64296382 42781788
85717637 181740773
63751497 348622773
50712960 248835738
86347757 167074648
24861651 152589419
113063428 153398204
132859392 30950815
94173761 118286370
28401599 132171124
