94376746 317178643
1484148 227419980
122894123 288192071
62999613 86865172
83635059 216863838
133001203 32010825
138059156 124847756
91525598 79597996
117604582 128936840
1484148 297924931
10989401 401568174
133641782 393966488
25040442 269782168
105425041 271786836
82103242 319595984
122894123 171925130
97861587 362032154
137190407 270672950
70220697 321107244
122894123 116339708
86543879 348349374
1484148 73547415
106484878 334526763
132859392 87433345
1484148 338817227
129862703 393386266
130756544 95974844
85116925 112580310
43990317 94295806
8442041 33027072
99937280 64712806
102829090 166607521
109059613 85551646
133910532 322798842
15026713 143621630
15303490 259013587
94376746 26393376
63106567 308766548
8442041 246106392
84548184 74700453
129979590 143083243
105431686 6831192
66285477 382058541
96728721 128486768
114728469 299809379
56137104 128164320
62365468 28735977
19730939 186541154
38322279 123243888
32079800 26573150
74392465 229305995
76515317 205932642
95685017 398052154
99218322 4378194
135772877 183487378
76236587 398145146
111736993 374282503
122894123 48292309
70597643 63997230
62365468 402703984
83146472 260389139
66179672 322957624
69873186 176117601
2617659 176386520
14650820 270325627
100014756 102222980
34360692 108555815
68140975 57854799
89819186 390022097
43990317 87010968
57361144 281356646
89394332 287269659
82103242 311972364
62593471 203351988
28401599 258600938
83635059 199882155
82531954 85880945
14988418 395159858
98628646 273025765
51816656 383272352
2617659 99837040
94724265 316658880
63144168 139762532
93355152 281562569
122894123 197944195
136265501 310577673
134679158 307792517
122894123 124950230
133641782 90372065
45255876 212882463
10989401 239701279
2642753 307771008
142309360 352940544
33646417 260968733
101673063 9022707
131404662 202309023
34360692 330650358
110242509 85326508
12925875 307874145
79184188 61394913
68587289 273052482
122894123 378556212
1484148 391644520
39882444 33134454
57361144 316499013
33376456 75365941
60420048 187238763
46210014 278273220
2617659 254868858
94376746 337963616
91417419 390330937
76236587 30554135
97886398 276611659
82103242 25498459
15019848 143524604
126503281 217349825
2617659 24617024
33646417 307931429
107879987 226704201
33646417 54447274
77569855 180519153
62477900 50131582
111815859 368876718
113305289 319378641
133641782 140010842
122894123 378638341
142309360 121123230
1484148 343181470
29234861 5956819
110242509 66722357
100945241 327095610
42190607 263598153
4225871 394836198
63643294 389216568
1484148 361886555
69953654 78740063
42190607 174440843
127423663 364773967
115920114 62289102
2617659 101215726
88738775 122195868
69873186 251542411
122894123 384891925
106939579 84740575
88538921 122609281
25040442 140208249
133641782 181322323
51965294 345488775
2355429 332138822
75272212 142317302
101673063 166471151
103193588 102368482
132859392 148069121
19730939 239567614
66872523 335309109
120891815 401022957
47007698 357306816
96919921 114832681
271169 24696776
43990317 146047977
124012044 325266109
110857935 241093016
35257863 186942513
133887741 210949723
1692400 166385385
86507870 188476460
1076545 274116341
8803847 227158366
104891848 206385278
230326 186516940
11431605 323580335
34024423 222301706
74261240 390715327
8803847 6673965
86507870 221422089
64825245 130987588
63404948 290839641
1484148 22258478
51112461 306884133
33646417 389964534
70401542 208646886
128168805 113085443
37374363 363333094
102147802 187485378
23353569 355851013
37192011 178412108
69953654 397902122
12915945 366016600
63697884 394662033
86507870 47694424
91898915 292454294
17258875 121252700
26770280 206768848
6696585 264950627
23623188 54792816
19785023 250209105
1484148 146414776
141381200 165844304
105691109 96669388
85753848 226874591
85753848 62289102
127750520 167074648
137190407 148295559
122894123 32945994
34360692 306524046
109068679 94248896
122894123 280261817
37192011 302589858
48995879 343203374
4428605 294682761
88738775 338454769
94724265 44910133
89819186 295576980
2617659 146206804
10989401 138056520
122894123 382142776
117974829 372647457
122894123 329436629
66721209 226208141
63697884 403318238
93355152 228645114
124743824 352237860
129862703 20254118
31379822 345368788
51160991 352882725
139704379 192074764
104891848 342844659
120682506 80885649
129768388 220335138
132859392 220510681
60420048 184009281
38056569 297045838
48995879 400072608
75058330 262692779
11864903 220370424
2642753 54874402
101673063 269749697
34360692 174788212
122090409 225169383
103724384 355219278
10249768 210979034
110876918 227060574
75272212 17729500
2617659 261466109
85164861 126758384
29113883 87039816
71884482 179784371
116761149 341174588
49780463 88000599
6843786 167136257
120682506 14099699
51965294 301054391
6681157 327818471
34360692 382358637
137531511 310577673
95280402 249181676
114497655 206328756
77048296 281059098
2617659 367866845
82874137 132840365
15303490 238678221
76236587 292653755
34360692 327321622
85072760 187267550
134132140 286177163
1484148 70013975
63643294 113504845
34360692 72306083
69387053 120788364
106939579 11142725
82103242 187448712
56137104 40775328
20171790 403527962
122894123 394939465
52622542 396744174
123862943 186163395
101673063 379549851
34360692 264670563
132849059 306582764
85072760 192774360
91525598 360512016
6681157 208969080
51003537 80499754
83589880 121720360
77854094 237313443
100945241 180335583
4428605 181428821
90285596 298206428
18021595 323551363
133641782 173356998
117488360 81684117
66285477 389815245
32079800 2314186
132849059 73172387
56137104 333879473
101673063 97566820
133641782 58021867
1484148 282824981
52373732 235370360
116691510 28943656
1088688 141868846
70248359 182334095
63106567 60517835
132849059 113869447
6794243 247844671
116424989 27097692
57361144 189969282
37192011 107944262
139997649 283361436
122894123 209740421
104661914 179133018
1825962 331684471
76120004 255053122
31379822 13680742
1637359 170930876
31519566 261870031
70648855 211151290
82227997 293396659
96919921 167384687
56137104 63347454
133641782 47553598
122894123 156715482
141638321 148399399
124789729 93672956
73840829 124449565
39882444 191089772
135772877 299939795
122894123 337968928
77452875 87567323
94758835 158931724
121872216 268766964
128749520 233595566
93730295 240447523
2617659 391650181
7963964 386331822
133361096 22549320
24384859 399577345
107194704 181830759
124789729 52625351
15780957 72401874
42109144 126539272
63109080 6502030
63144168 89722121
90851264 159886745
104891848 125666923
95280402 369900891
62365468 179363766
51184879 207218246
82103242 143322656
76825664 199249620
132859392 36907905
1042935 265843811
130756544 265456054
129768388 80233719
54633081 77285680
80805550 42309031
34963501 208721650
60516626 261481160
47799028 189966772
76515317 293180016
93355152 69908797
141520629 80750275
93880023 143243218
85753848 288881662
116820409 103893220
68027689 218738145
91603409 261459467
