98734198 369764663
104568145 143799673
43007295 179227351
92014282 84211035
73427429 347914898
101893207 237394043
76417703 175302684
24839021 365398869
119737948 167074648
109369720 190915057
133629702 369275548
104531516 218867057
54143243 116454091
21396810 391095619
122131736 118396565
139878830 81615357
111289035 146534037
59057916 52620306
132940744 254937754
134648874 34146488
131771420 290366290
130232182 78487883
7821057 108637777
41866258 381920404
54867992 296820662
20815921 383155886
81369260 112689124
98002604 44911807
98734198 18857299
122374396 238589408
116634436 290133439
25800428 40759546
16471696 383822283
91296173 386956767
111289035 341799736
31462872 334399604
139878830 37101896
131395085 111161394
7821057 1347379
57983419 55922591
139878830 142015520
104019648 195251516
65087966 166891177
2642753 231156238
120671311 382559647
69918931 290752290
137915017 274596072
119394765 242259581
127488859 227474082
108623128 94106132
109326585 210290989
70412049 126099664
129121608 155929209
85235720 231269572
67665242 49009769
13446415 226108358
29608942 176571127
40847458 212520431
131404662 254031767
109369720 251377214
18187983 137220373
120682506 241803157
20262488 369918126
61840976 346091674
8322595 231935684
64087996 51996121
113791848 257985909
14043203 117308603
16207363 270786620
89297848 158884195
40297927 312512695
112994827 13982267
53872916 295700140
98002604 243195551
12504005 357177981
139149641 197488747
73934820 75681830
129862703 243427474
84193620 287294440
88149331 99248078
124322312 15460482
24839442 268488417
4707609 138375610
134648874 199858425
139878830 253923428
122787388 395014688
41866258 285773835
95574197 11845354
61985804 176876006
81369260 356735419
43252806 59727611
64497148 45081782
92332181 276364549
4606353 64868601
31810270 400954506
57983419 51682918
99849460 218573652
33787718 118595236
41866258 243891675
88967217 333673833
130756544 114897321
109369720 162365355
108836330 8853707
90342802 51211843
109059613 88064781
116691510 164135427
116302035 175144281
115908019 268491825
52993887 215390193
70412049 73195108
132940744 206977173
68519803 217108678
103348019 279351879
34367769 112592229
74514093 118310778
54559085 2039039
139878830 174054968
115981262 244183686
132940744 380097196
72521730 218044692
51816656 24356198
74994281 355434012
99411301 258296014
114656315 400625953
132940744 359851150
85605647 76575815
100551544 34321264
112302007 230558745
12633543 340139768
135670856 237690276
139878830 307792517
81369260 336449474
132940744 296547472
79446758 91821471
40297927 159194817
64497148 307225865
61840976 178098472
42977680 336106744
64087996 84621599
40523696 27198257
70412049 185047951
35411632 52900329
59057916 337611506
77646698 138894451
30407680 79953666
83956310 185928415
57147852 205346146
139149641 292243173
40847458 186605506
83635059 310297029
90335230 233468290
43380951 2246234
49335337 376280928
44026734 154685548
85939693 367934934
125856347 202431066
109369720 256659771
40847458 86783751
22232670 339984724
104531516 208097193
70412049 265482207
32056631 6661801
7410322 126057302
111289035 24914213
40523696 260196329
2559590 287631291
35175499 59802076
64296382 328842315
25849481 4201674
87665729 18395029
6430954 67302624
73427429 312631805
16847478 186189718
111289035 329443108
51898855 273020077
37886546 58119703
52080643 56401636
80680135 314706134
85932424 255284954
98295322 243892258
115981262 148482132
104323221 250376825
24839442 183562502
8322595 68454568
136976745 238589408
12543741 283324669
105568389 340658714
16426792 340996734
101893207 95875607
5185661 57898849
82773347 43346363
35411632 292243173
77028595 313185904
19571711 179760879
77646698 140023527
116634436 205081227
38088521 82955428
85932424 183171337
114283742 169560754
95233036 320025006
12633543 91914753
87665729 375334462
59057916 403596851
117046521 151820404
40847458 386804680
66835786 294895296
60371446 176479576
29608942 164144259
65087966 140695540
128552991 338958612
139878830 161558138
86507870 56775877
64087996 388810954
73427429 328715502
102175750 550103
28262501 89339213
98628646 400625953
116634436 246326873
48912439 316651967
104531516 293651924
83801469 194596805
139878830 86104455
117368135 68128510
98628646 343299064
120408978 80041936
132940744 197938815
104531516 180112789
2642753 309245869
33486899 87030081
94634280 2039039
21396810 224821392
122631631 200224360
61985804 219372397
46380691 142477642
77646698 265877404
82468751 303205878
63538585 300991619
83635059 67590358
64087996 105734133
40847458 317204156
113609599 167649599
18798980 286054124
41866258 93203552
16891565 310083951
8756709 354432714
70412049 268132421
114084403 334447009
43372125 94854826
115981262 165715352
12633543 14583476
41866258 358110607
24045086 313106979
68943297 71733528
1187238 86142252
65087966 343390116
77646698 367976668
65087966 109322732
62549252 219695539
96349609 385804206
73427429 296968781
58917479 154182604
38150165 168742623
139564921 65398235
133023935 10032377
99411301 183173704
54368965 64082787
41515424 88057415
2095294 190390494
41866258 299445821
748014 342061133
131395085 26920762
138086251 404114025
60298546 218969601
131404662 168292896
129449164 260996452
10624647 303405737
103348019 302528375
87721273 58685711
69918931 266686994
43380951 297497134
103724384 85023895
65087966 382917775
29898034 402456501
7821057 203570498
115981262 64056016
33288470 145417072
92790292 242272662
91296173 146923812
107879987 28637691
21396810 75850923
24839442 63360153
51965294 208843421
51965294 183630870
107022033 168479746
66835786 271889059
104891848 342844659
40847458 96420196
35411632 139577405
61732051 117850055
104568145 73651880
126601909 80225661
128552991 243358121
98295322 243378964
66369549 382542784
73427429 41526277
112604594 346193629
88967217 40635804
131404662 231182998
120408978 148776454
95574197 271786836
71107115 272870236
7715572 311674876
99411301 345342724
115981262 335074931
74994281 112765664
14043203 371658412
124329270 283159068
128552991 98152218
90401388 375132674
35411632 186402589
141932210 127325769
12633543 152427822
89819186 129628551
97126409 177912248
24839442 245187420
128552991 229380383
6846140 139674520
57741871 92765575
41866258 78316474
40847458 44789171
135514874 319277401
57983419 298588869
92998417 171858435
42977680 195489777
109369720 185126108
58730281 297120407
40847458 4314442
112994827 318721571
65430299 320741553
73427429 60121083
81369260 14297275
133629702 219239221
16674524 285336718
42605292 242729560
89819186 184938890
77646698 128046541
111289035 306381201
85655387 402195536
41866258 306884093
27512670 321867565
69799403 51174478
1932774 194349145
139878830 270856178
5725817 359990782
112978435 111152415
32596103 61089297
124012044 143601524
69439146 396232239
45635084 211338867
70378443 7532626
130232182 284606575
110784641 172220317
54143243 309736423
111289035 36717113
43356881 398984505
112994827 235521228
64087996 219483645
121776645 397782259
99411301 6249885
101571478 282546171
77646698 231310437
50538209 156282754
90402638 145401850
107282532 268615288
92998417 120846888
67162826 299099583
132940744 340384542
40847458 295430097
41866258 44258536
58552612 314041390
3773471 215285378
13715846 335790356
91805048 296319143
122787388 90313406
41866258 284615465
89333606 2633720
124225320 286863514
41866258 257137385
135263255 372013647
89333606 170800797
109369720 47645955
62613690 200624861
132940744 52801085
64087996 95631483
112994827 42628829
21134416 348763773
98628646 270325627
3873034 86484056
112124836 308057575
131404662 220018954
105099621 41813818
52080643 239200348
43359390 181668753
98295322 358723407
40847458 191415323
60473530 45508203
139766625 190777407
133023935 138210583
70412049 297770545
29608942 650998
40523696 389559725
21782028 212044060
3873034 236709522
114283742 76256730
58730281 297473995
69918931 213546745
22402560 62243539
77646698 325202294
47016310 57726878
74261240 108534695
112994827 234440775
8066606 161886872
39670075 218340958
134648874 71078503
106490158 59575160
12633543 49751238
49335337 192519482
134622261 26021046
33288470 293103308
65087966 149142045
26841601 52490412
89819186 287687654
41866258 318755396
139878830 115762602
2642753 224523488
109369720 333346809
141765235 35276608
50538209 38218418
54987533 36754561
21396810 67201082
121069388 133376660
98295322 274106366
98295322 150003315
115908019 287170898
59631495 390694551
48182677 210290989
121776645 75848536
40847458 358737844
30559509 13528284
89897300 170017718
128552991 14477943
92993610 106925858
100094762 109214086
82378875 144158472
139878830 238761757
71159805 215693016
40847458 140037424
7113713 38781725
114497655 32754494
134622261 340164930
58730281 182065113
78161252 245053240
133629702 135256079
66052986 248790438
76417703 260149400
49892434 355655563
139090606 238759554
19381333 341149620
123521589 135801453
92998417 75095942
94214912 157087642
58140595 101706128
42163589 334055192
