127003110 60686659
39304410 238824620
114472199 105209861
141308708 270075227
140767127 185042838
83949617 307629363
43220575 227295042
122289521 364451640
48995879 99847553
68587289 319479076
23549038 77684651
70163788 258964806
14971169 174813121
67275977 237098103
103526501 203708372
27118864 312909526
81306581 45468296
63144168 316600780
8322595 242666993
107131354 167074648
89587988 244744584
117820011 100713618
113609599 192329209
100114414 52784616
82734890 264968663
122352325 27177561
98121857 374124398
22052162 254011390
31506265 188662053
117820011 3454172
94214912 297440764
111289035 354190704
8735862 77589830
50301733 252132599
115292190 121720360
106473961 280122104
37872668 16836123
19381333 180787632
31506265 5687484
123700488 44708991
65080988 119270713
70351058 397185313
55468330 231379424
61617820 400672276
109068679 125367817
58517853 212679600
51965294 272386522
140912773 268338221
81914689 140320842
39567595 54037000
116905978 305808052
92455571 123289085
103241954 58994685
15969446 344241285
31150503 357969391
121374933 175520508
129957620 287045289
55021707 327479371
32587672 15999962
46666003 5573257
26958678 294642571
107032793 195223886
103339321 127272512
78109343 41457180
18292649 56462476
3750447 378423801
33196407 256927082
88287026 245327404
111815859 125660102
34446395 148534382
102689596 365584310
68807063 284966927
66835786 397522268
123700488 362441436
97391321 142103914
93618357 18189868
33196407 84704952
66285477 18857064
20544860 320138099
61732051 321005454
29441465 301386036
9869116 316406935
42617706 364171833
118625238 43824556
82734890 383131409
131228215 29689050
2764328 129554532
138810986 63388090
48925070 253889706
36664089 263507872
66835786 6559214
137312139 172190842
89186645 294906591
117897755 263933910
24744728 169860545
92871454 80446342
75268661 348066430
3416128 239898394
30607791 96160861
25331864 326626385
81914689 393716661
6252398 13017276
10286090 55997138
102212715 163129754
37886546 146864487
127525011 115973534
91614178 314816653
91296173 258010738
23238578 167074648
74760356 393642172
123361340 261838817
116923816 91678363
100901664 293930751
89297848 129364683
32587672 268071573
37872668 36975254
73664736 353726756
2764328 371091847
132859392 99573345
56760511 221775047
95574197 297917059
230326 363176832
112982989 381783158
48755924 183337242
126601909 35236947
75576517 294018680
102737187 19900149
13528539 339258384
33998454 222787888
122631631 252165349
42109144 291644353
110522524 229343937
105100646 224000252
111815859 62193440
114058541 310891654
133641782 95227052
66873092 284640653
45489423 390539519
29927052 268570013
66285477 352030881
68807063 170779809
52622542 289137717
32587672 65744261
26958678 320127193
124565387 336254580
102212715 248182571
124352563 144171768
61849905 90208492
3586430 117056363
63196351 65347713
33939708 371600059
68752329 123660672
2511629 203417299
27118864 346697044
62497538 166385385
40297927 145822748
74845622 110427096
127525011 7040563
80441054 29316933
71884482 165337167
18473301 347145424
100901664 138109441
68140975 84770460
54867992 237958037
100901664 268488417
131228215 225792206
48979594 371289183
26810455 114958630
27338801 343952092
7615259 98723089
17020859 167074648
55667626 385643647
39819685 180706116
7138427 344796091
120532813 50414968
2384059 385819311
129152847 304587231
35500625 214625104
51405856 167074648
130269564 371221966
26958678 209379976
134503898 280469263
88538921 341072583
48688879 394044247
23506974 23127009
89109447 40163672
115292190 121711206
116486348 110015912
7138427 253019748
46438190 26299454
3416128 227595929
120664599 279114450
120532813 307885486
83683277 32962647
46372358 403356071
66421472 141670915
18985911 227105279
99779405 308586987
52402505 185445550
84536063 167266859
37963888 183830552
34844620 312695186
38964148 256861754
20544860 131114708
120664599 245298890
46372358 46031158
47613064 350128016
51965294 37922456
55468330 365946695
18473301 340687536
113063428 84236737
10286090 83665618
55021707 254266946
113221238 286331825
10286090 149656656
303013 276903419
113158405 104288030
65625633 75681830
34424467 265043786
110037626 5509722
102976052 169502564
37886546 53738139
81329164 4169334
29938725 330299871
131515906 390735703
59579544 16456493
117046521 6502030
26958678 104564409
30606728 362764146
96722216 215611110
10784467 182941679
26522179 27316347
99775654 25402916
88366771 239215586
24045086 123659085
116590113 168546026
82874137 83860325
106357437 345320531
31506265 51898391
51044798 263384630
125543364 24406369
135676027 354683154
7138427 265907793
4363457 261497701
57741871 230922615
46758215 31640759
2202055 109873069
18444881 6534115
110403987 286037264
100114414 178327935
8322595 128205260
131228215 232877342
2202055 18580735
113221238 174321644
117368135 150450648
3943164 400354435
2202055 285062654
91177870 292454294
121374933 49122259
139069034 240245873
109090731 390328147
98080912 351849469
91856848 351240779
67275977 93134608
13528539 20983319
4497869 76718280
54877200 157617756
77646326 206646344
129254313 113194033
44552395 320127193
119707258 319633580
100900329 371513173
136420024 245850011
21540844 382140149
13045535 176899148
51792834 255449320
44040790 162039800
64497148 351611153
92342149 89617566
3153929 80586034
61732051 365465881
3913639 229756306
124565387 327186410
66873092 289970984
114058541 116964202
29288518 209034921
86927679 174178790
81914689 34223154
5185661 25984653
90820786 167074648
73024300 304131011
76096192 43349306
27118864 9314556
116905978 308942243
83600444 305667702
139069034 101519356
68816517 80987051
113158405 152521101
113662130 374722896
97772305 164657210
1008870 362990490
92455571 114307618
21148143 235124841
66285477 108865151
14971169 68437729
127003110 372506282
124581656 257206452
114853491 29857043
53016665 232470915
10286090 300501336
100901664 376897123
138080575 331213532
122631631 167271669
41347685 280122104
35161410 362374347
66835786 41927530
111553769 73180822
126372016 372938149
19381333 151184787
10784467 171931923
25329794 313346710
128825158 308877297
71884482 342902136
139069034 54721881
127609734 208503602
85639324 160744643
66285477 142588844
53332172 126726923
61732051 373241695
37963888 248015661
85183437 194180206
81929446 94351035
114556011 331095503
37963888 195733210
39304410 122927538
82423745 95118573
123478667 255868792
105439382 210868921
93618357 205464187
22043513 36585076
40126224 190287745
139297467 252790953
89819186 277734901
33086149 190225597
58517853 347441736
105878476 315292727
82734890 257457040
141848388 268104090
14971169 248251214
33196407 110900306
50556227 173588362
2764328 238507062
121374933 245503755
123700488 297237889
58100824 256952548
55667626 37759546
67275977 145704513
129979590 391777162
54867992 115926840
99411301 205959288
34508034 69423105
7138427 251091512
39819685 369796783
128036736 201322203
7821057 395082504
57520610 115851820
48380764 394584139
35500625 80446342
129023671 202878865
30606728 311518980
103241954 289126359
138080575 49514219
48821947 154242892
1008870 118380742
117046521 5823217
39959024 354711460
64190622 390420426
137634898 384798592
76236587 210455228
21702034 314211620
107650965 283298284
46372358 220468423
89819186 236594504
56413410 51252385
127003110 196244751
9869116 303019227
125788856 136037700
93618357 184977816
4423839 190459138
107886518 224861726
24321854 287831586
81810569 20153871
16207363 29671225
3416128 20650412
114395653 7822269
27118864 95596431
117046521 151045854
93618357 107808353
103241954 402442487
29371930 47975192
117359772 231446982
26397546 262463605
100788568 357573820
91296173 109620684
27118864 120480883
116923816 14329747
138080575 64343885
82734890 166768276
43324052 286884975
63697884 36720561
43743064 266201055
67878902 392794534
32971905 169567608
94220882 369962625
136641136 90626263
42158519 58727293
31057759 110467907
132398202 310577673
49749880 343800603
1076545 235158467
63564842 213998453
21279140 393897610
88964142 238590953
113662130 379704892
11837009 337009379
68140975 262158905
303013 267780419
74094443 265071885
89819186 244585647
27118864 153876172
82706386 399391918
48380764 152184098
63631750 348876082
14753857 353381230
113221238 216176323
125788856 283682529
92979905 106809218
114084403 213917911
132742501 258155928
96737795 385880245
30606728 346281154
116923816 201669318
86241219 320465820
117897755 244596513
29927052 120240042
70018248 46382221
113609599 290200905
7378675 255233308
130463595 28071006
62593471 357747645
66772845 27438354
133641782 212936078
111553769 127564426
89587556 100895849
74317050 84622533
132671424 28763240
90083915 319378641
76372191 243706754
74094443 201594943
98392978 347495727
39304410 348922974
38279944 319668915
97772305 155214386
109498494 299941043
20815921 11479869
138810986 47562555
12846167 251223640
33998454 223799928
117046521 9141657
3416128 234851376
123700488 255563290
46372358 381757648
20815921 137944654
30606728 293484472
136331110 303943161
45489423 278595214
32587672 227016518
123478667 16003101
20815921 167547599
43324052 63360153
7378675 13287197
35161410 100012750
29938725 93707622
36797719 12376117
107673017 120323330
34424467 353892706
131228215 78568075
29938725 191641940
50707276 41527422
49340968 5998540
84242683 128825354
2764328 249082793
128630759 161254174
69871078 389589187
53088692 238618301
36797719 89400469
69918931 400152853
88620925 193939355
71884482 325550464
46271698 42135673
138648106 271512232
36886015 403075413
30606728 364438114
86241219 167757064
81306581 227988220
87083920 196032688
83635059 171890781
33196407 112106643
104810721 259959447
87975311 22346084
101209990 141589691
8322595 225929518
88619867 58413361
126372016 114202894
90083915 365140854
43324052 402672215
19381333 99219462
83440180 158855744
129152847 122055027
54503733 177076164
125828584 11661752
127003110 183845828
86927679 129009981
73539444 210733247
68140975 366915328
131032896 372600182
61985804 385885872
110857935 32901194
82734890 319884637
36442529 161124085
119420069 96847768
82378875 267923899
100901664 350671378
2468536 292454294
37303219 41403036
8322595 351587858
36692287 206438967
121374933 6831328
112761389 276873219
33196407 138898173
100554558 365862032
71884482 146731529
87721273 273054828
65160969 298564848
58349660 135464264
83683277 5300381
10038587 323880548
48995879 96344731
31493754 371165250
5184539 320287123
134054665 288972496
58349660 233400912
33196407 373692005
74392465 330176355
82734890 248419178
135572975 319544274
37449739 262523471
11996708 345942427
128825158 365551810
29938725 285216613
76123992 223621953
67972803 177207510
63697884 219451801
19598141 369013947
23441311 133763837
104418174 129458337
116923816 134058902
106357437 225169383
68140975 144118547
15376420 393897610
27118864 232125269
59873804 234842539
33196407 192920609
138080575 202523554
116923816 4080574
55375656 49002319
102212715 330090840
83440180 264344706
69439146 34377601
31964089 233535909
76389315 219712546
112933699 155766336
31786460 300638645
68807063 214361978
31338178 90304750
22043513 364451640
24744728 1976892
51792834 143315617
71608151 292956680
8322595 394832673
55468330 46933685
32587672 165592607
113158405 121278209
114395653 95757334
90402638 113208770
95533704 195579191
133641782 181051692
22043513 173601697
66873092 104679350
37886546 13017276
30606728 261604290
21148143 346811075
86927679 178964904
74094443 27764071
32587672 16783968
78256365 387202229
56760511 228136167
134679158 92869083
93130238 230237263
132575385 38094227
47294496 67732993
133641782 130425759
3416128 328062713
117046521 49668616
27118864 61913775
50177259 95367141
77319007 33529501
15512466 93336990
111553769 314983656
73024300 127253544
128825158 74931410
77277952 300930741
37963888 277043075
101675574 171002089
123141066 404098310
51044798 395074329
47871014 135978087
135116529 40926240
138080575 193029785
141630935 301873296
36498662 272571680
54257383 164260171
79976499 241243916
91293428 353381230
120532813 388851045
6252398 141768542
21215990 254874850
94724265 357594595
58335778 212170534
27118864 95962770
100901664 52406124
27118864 199792982
81306581 281660863
9869116 210092961
64139754 250636390
2202055 9459863
99861945 380790460
8735862 122920191
90175461 268353435
58349660 6683965
138810986 360680420
125543364 207190751
1792749 353381230
92455571 332162042
30562839 246992095
50556227 43632379
20815921 186802775
104323221 297014084
122352325 57970227
76123992 338360480
44338642 264533400
35605344 196408220
136641136 281494472
74317050 110612521
92979905 353381230
137312139 32257601
112978435 161582629
108310993 262345958
64501310 354432714
128036736 89644980
6252398 322733666
95133524 84763199
37644304 106510308
116905978 282919128
112978435 113617696
124782737 37528975
78256365 130301922
45846277 38515617
134621848 15827836
97866783 31275785
33646417 374124398
7138427 93988555
69918931 25379562
39304410 113690947
35731634 142728857
121374933 169540009
65078859 403119214
1637359 355610243
46666003 272180570
138080575 254177648
15969446 346154183
127003110 147624922
133930246 2145896
54503733 209457225
48979594 244081677
47002982 86370792
30606728 107816483
45846277 255939404
99411301 178504330
38182692 23627565
93945234 141214758
20915701 245469932
8322595 272707758
123700488 67904186
98002604 333883806
45709241 362434980
37963888 4959069
8225919 398989681
113662130 272862600
138080575 147340049
138080575 285485689
79184188 213811261
115292190 42967629
97670409 137998140
76389315 20150991
33196407 235390781
10286090 127724805
99779405 150257911
122289521 194109891
61184967 247551682
126601909 285244672
127829162 291050149
6252398 55304493
271169 24696776
5409107 374946236
64472948 175566460
94628165 36351033
87083920 350314375
58349660 122784315
62742815 207279435
99903128 272241520
30607791 223110999
130476601 37888472
23501761 278997661
45846277 395868743
48979594 317698021
121374933 318403962
44338642 234173807
45349887 167822567
92307831 77883825
2072250 121534212
118625238 32010825
81914689 31378105
98057100 75883157
65663678 144608167
105878476 362975319
31150503 238678221
68661989 170071786
72325542 385271371
82227997 390407815
86241219 257834199
8322595 160744643
29938725 133195728
118197087 112721168
125543364 317352403
112933699 71661185
45568795 262852718
90083915 330355306
17304888 112266519
133887741 229862177
23549038 325735680
135676027 364045765
81306581 87715023
21702034 258654469
61732051 188194680
77399157 242782938
39260000 24834552
19362072 399081745
22496560 282262830
116923816 121894359
104455138 4769320
85639324 128205260
21148143 235910202
48380764 353978531
100679735 292454294
14971169 43589536
114672900 350946653
8057587 361346418
69918931 333028913
106473961 353381230
86241219 103849385
93618357 249559819
26397546 401924911
58349660 169139139
69918931 264372175
109498494 340176820
68023187 113953511
62909863 224049950
52622542 196255534
7378675 366392365
37821174 402316661
125543364 103874380
114672900 131956618
7378675 169029610
3303277 399081745
31506265 275414697
51965294 132683628
89819186 65881593
100114414 139275009
89362349 276423315
46372358 327015526
113662130 115842631
100121590 134265592
71611905 106178259
42115319 75809484
100114414 126957530
54867992 200759178
115292190 239128521
129979590 368303336
39819685 106684583
98002604 364156095
129365868 257029555
51112461 306884133
126601909 162485911
65953023 68841569
122473970 167624182
53981410 330719075
120532813 229343937
109926528 56072299
121446069 288979586
114125718 370413592
82378875 162003687
110403987 117808338
138810986 77894652
73570970 376286311
58517853 178528599
31051182 174519978
138080575 19654033
73024300 369097274
988074 277653895
76123992 339986112
113127492 183328200
79184188 122927840
46372358 26101672
109052005 391672659
58349660 93897447
133930246 331584159
30562839 156579976
90110473 68702332
58065859 18011450
27118864 388246508
83635059 105785175
99861945 322521085
100121590 245003931
6252398 281835038
10697611 18107712
95868729 380388975
35605344 16925877
82878305 335779333
97670409 157984068
99316679 113588889
54867992 322830707
141529449 383704088
59579544 226709215
113221238 24820812
138648106 395420619
43477702 377789749
107393031 144143949
83635059 362887065
54287784 199568383
34937456 196032688
58349660 330119330
136641136 41991653
71806663 16460606
48213081 404127359
30607791 93164134
76123992 394887621
88620925 268769375
83600444 78423656
112933699 28137461
94083550 404249255
50556227 244357437
20048853 107821553
24846810 296799255
4428605 106889040
72069485 371316129
130321834 365529057
10286090 57793385
18473301 289587705
86241219 39326436
68140975 358103399
46666003 191997852
52625459 343270719
127003110 382411117
135572975 28814787
83600444 264431039
19188351 141471358
93618357 7027737
20544860 326062196
18444881 1888535
80114491 37051025
123700488 402633479
69918931 36585902
3416128 57424898
103241954 191889401
103655705 339026549
1187238 86142252
128825158 43814981
35194603 204708264
9869116 107629969
110425787 174178790
116905978 31743091
8322595 302711382
73024300 89924344
76389315 254762184
88738775 210738605
56944616 15318575
69439146 380284236
76389315 391291197
129152847 17028639
21148143 298173831
77802915 270986240
7821057 163327200
109090731 127889457
65541703 376840173
138648106 208179312
18473301 174816455
94234508 290951038
77319007 393542089
70351058 190381262
7138427 183507353
35605344 64683789
139004328 4690872
79184188 171199558
119897892 101001108
128825158 336690069
122631631 197426936
69918931 399415653
32587672 392976022
76874961 212404026
59190735 40077001
39304410 119060657
23238578 381921019
44338642 262367338
30606728 8214458
76123992 275490374
79184188 311367413
74094443 40513521
18760411 161255937
55468330 241334802
2718579 35991154
88980512 313727762
71884482 19499608
14650820 343299064
90083915 145900304
106357437 398934209
98002604 80718059
3750447 372665783
39304410 335288767
130463595 151439254
134621848 404513159
70849782 388933229
117359772 3029260
2511629 306926121
76372191 57037194
130352942 293589302
78109343 271566536
111201361 265209147
80514853 21916616
68807063 21908
18473301 235644641
39304410 235095249
58517853 156641612
91856848 384131768
121374933 389996381
98707773 342310283
47294496 53738139
124782737 362223890
39304410 44374981
9748855 333379284
10837425 296435039
37963888 283107792
67833255 387985204
49340968 304791443
108935333 183337242
51965294 242364890
31191408 204294690
62881230 283581211
31506265 76210020
76096192 303334398
77053167 299941043
127003110 199910215
120571369 183681661
71949443 224272160
86927679 220966160
79184188 257335853
1187238 224676363
109498494 16322108
450948 11079806
127003110 164644161
76123992 30309273
60894054 350960668
111201361 100250708
118625238 87416014
127873847 166670035
98080912 195915395
124319870 52031760
133930246 123411413
61617820 177084797
64180394 144605881
100736785 288095081
67275977 30870886
19662928 166353915
53088692 20844973
49268103 379157597
48979594 307390230
106357437 393018768
7138427 15243334
86241219 243254490
115292190 366920393
34692963 256952548
100121590 277603846
103748797 211775133
73784219 98056421
9274345 397034731
135094589 340767004
120571369 341137247
127003110 239832342
62305723 198715997
15910492 347745633
110857935 156861211
113158405 70753423
56325314 191771619
85183437 110145723
55667626 34931814
30606728 338790825
69439146 80233719
126601909 70385038
27649225 165283189
66285477 76411820
91775158 178389637
10837425 316410446
107517017 221941430
14908463 73985973
124565387 353610572
66247052 366325607
10286090 192651485
36797719 212157019
84760261 251841260
81914689 171764367
8225919 267441889
32587672 396868938
76236587 48775672
34390644 111694146
122631631 215572613
92456812 337549804
102212715 188078628
68752329 137377044
59579544 61216689
56661320 246678027
58517853 142205999
58517853 150065187
21968456 27511103
114407780 142984477
18707903 177231251
61732051 117850055
100900329 349770970
141520629 67080596
54368965 77329279
127813943 253563789
25491119 26552453
26347728 94088118
130714009 325240728
73788895 31378105
19381333 82692398
127003110 336648539
127219944 388780793
7378675 203368892
61519114 250136169
109068679 18693984
94173761 240980648
102499982 374124398
90402638 190685554
135676027 369918126
114395653 197350804
108706810 89395434
79856621 42309031
99861945 93926730
28401599 297264558
125788856 194821745
26622139 359364831
81914689 70685296
55021707 9328675
35966507 218500882
83600444 176328398
118648150 64979385
133641782 251668894
81306581 346482934
66835786 241339332
1689600 41946463
50247689 292958846
43324052 27646175
43491973 100622324
67275977 191804288
138292074 177163869
125117302 354056176
109926528 134547505
117788466 332550385
3750447 135273675
138977640 266207646
3477953 303037754
81369260 59392125
98057100 120483202
43706751 235014125
39304410 166624918
117820011 181732092
46495539 119188470
110164603 221382387
129254313 301656909
77053167 238580467
131929409 64852203
26958678 197757650
20544860 207287100
130352942 373321568
29441465 356166781
58349660 220547725
52080643 113542164
84371558 38747861
83600444 378730350
17304888 27419263
68752329 54151923
66835786 67799838
41646122 342559273
72802416 401790792
37963888 155785827
136331110 188799481
69871078 69208868
14971169 95112195
35254870 113566713
68140975 76674894
34844620 269976923
7138427 117032468
96952258 55767877
117820011 326206376
66285477 13893761
127813943 175287643
78836388 154975578
83600444 360694611
58883715 314604092
79184188 106656844
13528539 96495614
10549716 392554120
67275977 175085982
13608785 192937202
78915466 154326991
3750447 64867259
133930246 168748738
69953654 201508229
139217008 382159236
57983419 298588869
88439967 30010077
36498662 144890790
51965294 171506405
117820011 31051778
18473301 383650455
48995879 239205316
69536379 81837587
99903128 180165098
125543364 201665607
89772683 193985787
127042682 63965101
122352325 73159894
61840500 94848686
55819379 303720898
102212715 318472346
63944386 258125706
8735862 312336285
49749880 168924422
23569993 296559734
129959338 217284191
264970 399056676
134002712 157557968
57248501 196516706
51965294 62182003
21148143 126875366
123141066 141768542
129862703 64222467
16288988 300703107
37963888 20650412
105390207 303563756
68656573 291444958
43324052 74701031
132523344 280122104
62593471 42297823
27118864 184414030
116590113 27978851
111698341 29154619
132634718 135188120
242921 311499944
27118864 189195530
39304410 205033529
8803847 400372067
7138427 337120300
61810993 401973764
20500525 284699137
7378675 80499754
9869116 226941580
59190735 362738518
24908868 136897969
50556227 104898247
18767493 167676895
58349660 202007401
18985911 269961649
2052996 276873219
37963888 34223154
142202623 371626456
102976052 75366863
77319007 111180295
71884482 22473582
76096192 120312377
89362349 263466328
50556227 49867113
123478667 186536118
83635059 376717782
44552395 114842122
68140975 154291402
49340968 394145445
67836003 79114143
61617820 200313026
71884482 139439491
7378675 170089323
82102283 316795049
68807063 65700189
24045086 356969396
24744728 359916772
109498494 223976139
135012604 71593131
113063428 319633580
47002982 197412831
53016665 316711327
123700488 290628548
5725817 127747803
49749880 340678511
141569149 115761748
3303277 230970843
99861945 111694146
104418174 333375501
139889630 360525435
38322279 319285980
9525174 231541398
82734890 276773517
82734890 188657066
135116529 161892909
7378675 346111665
76662157 299696319
1033896 267123836
132045912 182087783
31964089 112736335
35194603 83964527
44338642 316896647
62909863 392824485
76123992 192186204
31718228 54796290
137131424 322126296
127003110 341216616
43324052 352390437
30606728 396134376
31191408 188280995
45858056 179154372
124782737 244674069
80632474 291855008
1187238 217782686
49886033 210990362
123700488 242601062
77569855 338937782
54257383 312636757
69439146 396232239
90402638 295221896
3416128 54960667
27118864 258131861
100256849 392636745
67201892 143263044
27118864 90192407
45781106 66089865
51044798 37763107
127873847 307792517
15057025 245160551
82595029 364962016
85612814 108224853
27118864 179467132
59579544 74488810
2989488 162532839
98057100 193006135
138894361 32464854
66835786 200209451
55507721 166834692
117368135 393423787
48979594 33238762
89634823 173774707
58065859 207150295
64296382 347589919
132575385 129647766
31506265 6553350
12590563 304540742
56661320 206839426
141581350 35185710
129979590 266743610
116590113 246569197
72809524 309873210
68807063 177231251
10549716 163253466
133930246 69371794
57141881 403309398
19791127 59947678
19381333 397181558
30606728 362914975
4734112 360348937
608319 26771777
48979594 330191130
40297927 394116413
73539444 226507729
59813038 289129156
96952258 314041390
109498494 314983656
59813038 46196617
57071628 155267220
29368223 240368477
138820502 353892706
116794851 251894653
66285477 45040581
85169591 106542643
80522255 32563294
20544860 180220588
117820011 390181777
61732051 17641568
69953654 370847007
131228215 210135316
2764328 396832755
127003110 253462560
93270642 380471293
8225919 339936696
66835786 404156454
80583387 2432119
58517853 46186797
79650152 75741952
8322595 181305557
92979905 243925148
54867992 393150416
56413410 85013890
48213081 274924042
54099409 268911067
8225919 148270332
48979594 107737304
117820011 83467301
50556227 246914860
27118864 113452068
29234861 385466119
113158405 71480742
125623046 120396310
116657066 16913313
61849905 42372916
66835786 117844324
19381333 251990922
123361340 179799582
6794243 247844671
137523335 356442377
124786576 320741553
116459056 3073436
48755924 165028631
133178328 85516225
116424989 27097692
7378675 163704545
68760431 273052482
49749880 329376713
138810986 320861946
93618357 341032545
49983291 374513124
37963888 328062713
49240356 265694647
56106491 356059174
15969446 261780343
65080988 325049852
99768410 178389637
49083918 364490271
89333606 212643794
125250662 117738
122631631 138952658
47407626 304464363
45846277 269546616
19381333 255365420
64049642 377462975
79729184 22845011
32056631 102798976
3303277 220780684
48979594 206589601
70351058 182052936
44338642 109733080
34692963 338153269
120571369 336788998
140912773 372819976
90083915 174236376
98392978 290812819
31150503 64979385
19381333 233474282
34424467 354803982
64749469 308648320
70163788 182941679
77465332 106925858
52622542 96980801
7138427 50824645
65080988 25855972
77053167 141762839
81306581 197757650
39003640 211171296
3498609 182941679
102933198 36788920
51965294 205063260
141572511 218466018
114556011 177237914
29368223 394347846
33196407 123178008
133930246 157984068
69423169 43824556
17665940 235665456
60987977 13706856
119859365 56114407
67275977 296821633
14971169 127872907
100900329 359663067
79317823 33275475
96722216 175827334
94628165 401417310
141492445 250543277
72836330 71257579
78256365 340451956
76123992 329674296
70186590 320844560
8322595 290703204
110403987 13924016
649054 92970449
30606728 24176157
82706386 41892211
69439146 385224451
53706414 335486848
127003110 179752478
87975311 253360924
76372191 314185303
46372358 100838490
19662928 102368482
76389315 60588593
135791933 18730664
135791933 289301682
63564842 15974125
109498494 331109262
59541795 229289643
108706810 353754783
104119687 230214333
45846277 37394536
76389315 260425647
55619609 315164496
29441465 190384070
102212715 384795320
27794139 331216903
116905978 296968781
44552395 80683752
3303277 207940022
50556227 33216767
136641136 182677095
67275977 83444653
58517853 290425
102976052 36739968
105878476 123639560
8225919 383560279
36886015 116576449
22043513 154042166
39304410 143434326
17665940 45548729
82734890 67188835
133930246 244741274
31057759 324397329
12161548 265860266
31810270 105535174
49749880 36197530
139217008 301386036
36442529 375452427
123361340 394923706
67275977 247106114
55819379 49392490
19791127 32010825
67275977 384740918
29579872 91708732
10286090 24186131
109606491 168725595
117368135 239398332
94724265 21185124
4226990 106925858
76372191 310895330
81306581 263070849
141572511 98120665
111201361 197154086
31493754 133099421
135676027 165388667
66835786 248728181
71884482 70385038
88620925 77071348
82734890 302881326
15969446 59909908
20815921 112751434
3750447 212844447
64749469 74275278
127873847 131904115
35257863 316061120
5343879 105535174
131228215 163550370
10151584 360817002
95868729 92431073
82742259 256722480
87722797 151297448
69423169 274376784
67275977 251655242
3416128 282025821
140334474 273516989
131214060 370985071
48883521 152651725
95868729 67516308
30267366 336693505
8735862 315183468
90135444 234424335
89819186 76855539
104410718 308196458
114395653 181433974
8673852 265662369
127003110 225126097
80583387 140486558
60420048 16322108
115454693 356442377
69871078 282627159
19166363 259529189
105878476 392092271
4423839 354520457
66285477 37168063
76123992 400467610
29938725 399672601
124244465 331807805
123478667 107810255
30606728 335375952
27118864 31614961
30606728 156727420
48979594 355189988
54003652 207916719
5185661 78038983
107054952 152447924
32587672 75000660
51965294 230615857
76372191 135494766
87985184 393897610
109926528 241770958
117833153 331950125
126372016 404376397
138810986 14981757
2310758 105006539
141569149 225753512
129979590 272315896
70186590 295591274
12352926 250847704
135012604 113511943
69918931 326202943
136331110 299435433
116923816 135069422
30606728 305742981
94724265 22779382
106484878 303205878
124471795 129857166
24045086 170418054
48979594 377992472
138648106 206330815
27313574 131904115
66285477 90318487
92266011 93779480
7138427 120746325
92979905 136052002
138080575 121720360
29234861 80123266
71806663 158321006
67878902 80796732
67275977 195931653
113662130 39159665
100114414 300501336
7138427 290696465
69953654 225218979
23501761 149207995
138810986 73250393
128440836 295154692
95574197 137332999
59579544 171858435
48979594 217833
94220882 27644041
44040790 364045765
3649107 175092669
77452190 391450263
14419615 355146640
31493754 336964100
83635059 274705571
81914689 111439300
58349660 295563884
67275977 165058433
29579872 347438980
72663653 13695825
89186645 372638728
31232686 161458821
86241219 204682817
37963888 352390437
58065859 313814298
136372002 369872612
107983684 362888008
55819379 292867456
105100646 401630196
2310758 372670597
90110473 216744329
133930246 94864400
13313802 292809047
30606728 307792517
13528539 258287023
8057587 237888903
50556227 13378619
128825158 22418954
98080912 37005329
117046521 217413455
129023671 227199187
7138427 170617117
9655581 332185825
124304480 14416548
48979594 317716513
65234210 394044247
59873804 84011600
55021707 357280697
110403987 12195069
37963888 197757650
127813943 318797512
141241567 43297175
81914689 358143032
33384407 222843017
75058330 273184356
82734890 371587051
40297927 216009831
68807063 232193781
99309786 121045554
32587672 253963195
132634718 401758572
23353569 299820439
98057100 326696677
135676027 301905652
100901664 250137440
53088692 325749587
50796433 318138400
1266327 291385196
62144462 328435125
82734890 121691830
141166480 104202558
116106398 311338322
5725817 144670298
48213081 205010198
135241102 403569057
94214912 157087642
82734890 300690392
18473301 353462452
