113559597 87109539
85209339 70385038
71437303 331062386
78365354 99647125
24240883 403527962
17471472 331684471
6629168 186459227
99460580 224185369
38393616 355154197
78365354 358952181
56106491 22166161
119897892 49223956
100261182 198168680
18788653 204384037
23623188 52598970
101960751 364045765
96919921 266777013
107808763 85973097
18798980 81193187
124352563 399035407
137834151 240009274
113559597 328959069
94101029 64477458
49302289 53346032
64139754 372210203
136127632 109082393
94214912 204383958
94173761 190211124
73570970 132299107
107131354 265986392
115163806 372801906
125072890 360533483
82595029 156491391
47174804 385271371
63479831 133075870
95574197 94806388
38102445 234867604
23623188 325283665
93355152 244568375
18634145 117041862
44552395 95784789
32261891 129807125
73305302 120522463
31880643 391765372
76363598 178874390
132849059 185035840
51160991 88196283
122257243 379300130
16471696 123339153
4012396 150823353
64139754 179180207
31576782 92759639
49302289 163092046
136127632 95787588
34963501 70663167
49302289 141393120
22643943 228567319
31880643 125095037
141359114 184648021
20964170 94472915
23506974 78710538
44338642 222923759
96919921 304466138
124789729 324532493
78365354 314504091
50301733 165474409
18798980 75642501
130532346 286532505
84538786 376511707
23506974 105208301
62623553 20177236
79913871 364080640
113750678 248219135
113559597 57112006
93765006 386736057
12326391 207106615
89903781 268263720
136127632 85734465
23506974 386047251
127219944 17923602
72498476 6487072
48011007 293909244
122257243 252630074
18798980 127029114
114058541 116964202
88980512 33090300
131905451 278717787
113559597 307885486
106479971 77566616
4497869 194613147
82595029 6067538
88980512 154789500
7963964 105714155
45710176 277445288
96919921 273060641
23623188 110334721
23623188 160524909
115163806 187827727
130532346 316367630
85067839 294726998
125304289 337738094
7963964 372190233
33263216 61756506
4707609 347763729
940671 208943006
48588889 105039672
88980512 331694531
137393482 62224432
54729700 116470773
2764328 150709237
29369641 45766055
95755843 206062308
119205986 105208301
49302289 133687450
26420903 165727823
34360692 57923614
96919921 166910221
117460848 170731666
49302289 186602151
48979594 396444169
113559597 153768617
24384859 247391711
48979594 314804246
113559597 311628528
131905451 105629138
85209339 282680033
5712215 120235541
24709928 60121083
96919921 21805713
7427654 60650411
52402505 350743933
130463595 142015520
125072890 61216689
48932578 210932580
2764328 156394710
11330956 217759197
28572200 307566025
49897559 107149945
23623188 122139548
124789729 247017829
98057100 45946579
107131354 345276360
27313574 346063269
72498476 14316934
129692544 337099882
31880643 125146115
96639383 5078636
50301733 372259285
79913871 314665382
140141293 275522232
38965513 329935393
132859392 259952923
19381333 339034295
996670 254103892
49302289 376291862
75578463 122746649
19138477 125666923
84011193 253075491
132859392 322939087
73570970 146715038
113559597 368848814
19747904 169507647
23623188 216990338
31880643 8903987
49302289 184622230
31880643 137463832
42190607 174440843
72498476 7025264
49302289 196844626
113559597 389496803
96919921 378385776
59488150 106191449
82816917 81355813
119294931 134283949
9748855 236848918
85209339 56508422
438276 190491183
32400706 386937844
140801185 353585939
62365468 329781161
4904673 361656957
32531784 386062568
49302289 165498290
34360692 54159591
23506974 367513512
142122487 349310958
50301733 197488747
51840068 247219867
34360692 126625414
64139754 142980548
61954771 3390148
77187176 318718355
77560967 152576402
50301733 274715545
32261891 241892531
111736993 382358582
113750678 10986233
105568389 340658714
78922712 368398528
7030290 375948769
132859392 40971502
49302289 335974437
115163806 43165907
88980512 68454525
113559597 343646760
49302289 74699051
65800700 250372723
105100646 127662070
127228302 337154825
137834151 160634433
24696726 334052878
60371446 147423136
16471696 134854440
136127632 263065132
7963964 73183447
102695192 371972578
36664089 284036299
132683466 264839924
104891987 232373708
125093067 34466802
48011007 249480376
132859392 255760593
139889630 352284549
64087996 388810954
117489070 140410718
96919921 150701080
85209339 250976916
135116529 249246956
38568 7943085
18798980 4066981
73490341 180492797
132849059 317480418
18292649 113068188
86520500 18560696
21279140 145149723
128973314 66704810
80125554 174951780
112736973 389976427
20803556 371748570
58151249 220555806
7963964 145334266
72498476 352383158
74564891 343698444
111736993 36585076
127098592 377154315
2764328 123822551
4164439 123507460
57156142 74011711
105316152 155563981
105100646 378611558
7615259 236372633
20964170 108216290
129692544 146245323
115163806 383479809
47769173 42150863
9274345 269011957
19381333 205002983
133361096 242986560
62153331 396195842
94173761 12780506
1928096 356135198
132859392 318594978
24709928 157495594
110522524 312047242
54546790 48692197
49302289 78589924
94101029 195810419
119205986 277789830
51160991 376429748
4497869 7224677
115292190 5744466
73570970 302216185
85393494 214740545
36442529 370831824
4904673 264487011
49302289 257735825
78365354 333584299
129692544 43297746
105568389 260455964
118625905 214181543
123857760 364852173
50301733 32023428
15822392 161680157
73570970 176270434
80632474 258365019
123053379 392233813
40222003 205449300
9407139 321652903
141359114 240127629
11691461 125666923
119294931 245273025
92790292 164718336
79913871 397623832
121365900 51133242
48932578 212488165
140790192 238089082
19381333 367445114
44338642 371750869
65800700 399563015
117898223 98245773
19381333 82772888
82595029 82931930
134947168 211072454
89903781 64454013
19381333 313185677
38794391 239920099
64139754 43173466
10914712 246648262
97265297 20671196
29369641 282726602
77687300 59880755
88980512 95596431
88980512 315380230
132859392 246342324
44338642 56862639
70042204 33357191
49302289 11661752
88980512 94025851
88980512 365398869
23506974 319692979
7963964 184414960
73570970 402659956
66322454 368877423
49302289 393650883
119294931 271170961
124789729 112546721
76006957 171971345
94634280 140110022
76997894 228525305
25815801 115806960
22564263 52744724
19381333 354689752
94758835 327522132
19381333 226968136
35145947 42700724
8673852 257988381
63105422 276848383
136127632 93509389
111092507 206882715
51160991 52346368
60296781 401707722
18102896 152387273
129692544 38451046
129692544 371791828
124789729 290324697
31880643 202580615
53964738 264105416
21668253 27083035
39751786 393642172
72229479 360405474
134648874 84424356
137834151 135409490
108493335 8479070
64139754 138952559
29369641 140124660
89903781 168718625
96919921 80796732
22807254 71796857
12161548 4572142
137834151 368375295
106042420 311674876
50301733 23984229
115163806 86147827
18268953 205033732
132847169 394834685
94173761 321007295
51898855 74146639
20803556 209642881
117046521 289657022
111815859 387109063
49302289 1443985
19381333 308490000
61776304 239300087
28142759 324605651
19844561 85749632
41297247 290279769
64139754 354894580
126460283 379316629
7963964 377467019
10977473 276631516
80802991 159856852
115496065 380561362
141343296 132477307
60420048 199482416
31462872 311847137
63643294 27805246
33086149 45244222
141572511 36329888
136420024 285279497
132849059 402400063
40523696 211497742
132240407 4572142
107131354 217282784
78365354 328526347
115496065 134632501
94173761 108407944
49302289 105964545
117764568 28962406
60464118 212044060
118033983 257859596
2764328 257058756
38964148 167074648
57141881 134814576
19381333 20387045
132859392 148146158
8598345 187328360
49302289 378653442
50881581 51235022
119205986 167225518
131905451 281517341
19381333 125705868
78365354 175311468
121800511 10237913
9343178 228752766
46275559 316061120
116045466 34961216
119284319 17288783
23623188 223979634
18788653 313246760
49525901 2416521
120675225 93188355
69536379 349854409
109926528 322242274
34973175 250647516
93355152 64561442
115163806 53655658
47587432 99914346
46495539 254210145
94101029 50430798
82595029 110422302
96919921 243727243
13313802 137155816
19381333 330741030
90083915 369918126
125788856 254789940
107131354 263956800
50301733 316555195
111603172 399273000
96349609 62831450
130532346 269106525
49302289 303989531
62954427 258685927
49780463 41778816
88980512 110732668
56940965 54193011
88980512 144548394
