76236587 288610616
108426355 237950459
39064405 215387216
6420343 77599503
19550738 6040198
34973175 285006246
10038587 291333409
117604582 284893324
72614595 257915148
66201870 23854363
60435513 326221642
84493452 74833491
136401853 157132568
33897272 15813745
1342803 184120387
61985804 226928036
40261210 56497899
125415086 389492893
90401388 60433776
84186023 122733141
40297927 295474952
120766130 96443720
48011007 263411409
100164732 139176075
47174804 59890408
85116925 142807859
28087182 238759554
142072325 301315204
53616158 211956128
48820780 374443371
65420807 268743197
108426355 95170688
85753848 48502678
130756544 54960667
43293955 20060299
111849931 164971070
71124457 138308510
120841111 299250873
138824382 305861806
93782685 102753396
66584046 117911713
84186023 377404318
17254185 51455567
38102445 237693698
24415789 209376425
36986111 354604018
81306581 363526841
90770539 76718280
86564746 36803135
24709928 79247753
628916 363526841
129575266 112266519
10053537 194543122
57261890 263776250
71517427 112266519
13201221 335964074
33469659 330101929
45713336 273052482
56219570 47680549
2617659 396171430
2617659 134879823
21540844 11180009
104682831 244450677
114556011 65413463
76389315 159010552
137618175 65755351
991004 328488636
124789729 298703550
128080561 156890417
50418349 257413589
124789729 214577465
17987872 193288379
19662928 84263911
133629702 116903228
19885406 293466211
7821057 292576581
96349609 240816864
4904673 147681344
93447066 402232578
85785429 384176131
116557044 121642801
28549120 248004765
43293955 71442712
50418349 165634686
60884718 66201378
61985804 257406255
48182677 382315991
95492699 253975116
52833705 358560341
137634898 384798592
13532967 306899262
102100388 305613858
81150551 128831652
76372191 233201401
47174804 271396947
112624474 134058902
27313574 396171430
51898855 249591608
139786671 219265111
90083915 365517236
86564746 363448220
104682831 147239136
46134610 47093225
66584046 381432050
24626691 349952065
53891047 227081353
85753848 176328398
102976052 316367630
84713999 404360708
53964738 245850225
71588286 317324324
139476957 152184098
41438096 279128770
21148143 93252173
130756544 167387580
106277262 330809551
19885406 188530244
104682831 55951457
136372002 119349981
22416140 84593536
13940642 267836704
84095777 9907886
85116925 163500364
31493754 139193146
53241875 197088733
89912374 260343523
47335620 153205702
6420343 99919454
76236587 110683311
64749469 390945703
58552612 261176364
85753848 396171430
13853005 381516693
24066696 280964377
19885406 214577487
57502610 46480880
93782685 83265996
128707539 317324324
73758350 370409863
16534464 3822858
91113950 191622536
120766130 122626468
96349609 375061682
82826846 115926665
84760261 30244339
75714301 153074730
138824382 4227058
65541703 15917388
119264992 132641276
138648106 125073018
38102445 224847443
4904673 108672668
52833705 361262972
42818311 76471807
136423378 330596817
124789729 164103138
117982961 231794099
39670075 123543908
6399863 264469913
65541703 174482763
85785429 387982534
86174 393037203
41217783 270890408
19885406 1554161
87088035 207238469
117982961 234903102
55819379 272277231
104682831 200737854
43749181 183606393
94544144 378406314
88644182 382476801
79729184 374402124
81798871 390555936
81306581 85551646
65541703 211847006
36986111 89328146
111849931 30341307
120532813 343646760
10805944 347251858
111849931 59277469
82742259 150108225
84713999 166159135
108426355 388663961
39833553 77332092
102482295 19078826
63144168 67553790
45635084 231867380
18909506 317020185
36986111 82062962
61985804 380923323
43749181 134246420
991004 73006934
79729184 46125235
59451304 179192487
113587342 398989681
90083915 73335011
94544144 260165493
23130068 314530121
138824382 241377860
55819379 76446772
36986111 111478824
117368135 358539435
36986111 147735839
25578752 225988839
106783016 350410319
61414783 231610421
6590050 302000155
76236587 141325205
33608085 32519075
5343879 189217133
129049292 309037006
7615259 319890565
64250909 83964324
120766130 121594958
110841953 26704809
65455483 261011886
130637943 178490268
139786671 299103352
81150551 75681732
84012516 207131232
52833705 105643945
54867992 281182690
66872523 210893921
114740594 4504295
116084393 384650744
44703989 241106675
31761710 364699397
38102445 135100982
73448027 15417315
106277262 197504708
51898855 389880177
85116925 402658898
119264992 403867251
57815793 104604294
52402505 180251546
51965294 20781714
88836719 315267553
139564921 145057729
131612507 8056171
9808760 73946032
139476957 285937696
19885406 144432193
94544144 106616949
85116925 243504493
124789729 28031024
46316041 186434205
52402505 174782352
136423378 236769093
56219570 345620245
116557044 228481781
65455483 17589206
125093067 381540446
114425805 229006227
50418349 148121114
138648106 343696678
86564746 362129740
38964148 144868363
130528101 40479201
106900965 374890725
102332975 365995025
104682831 358020638
31761710 341533485
113587342 364602939
85116925 77142436
51965294 18217037
27313574 105695899
124565387 78038983
82773347 158839819
31761710 91500364
71091987 262112219
57156142 147022765
60884718 261240177
124012044 303202883
47454661 360764770
83428925 354432714
121637618 385763010
57983419 298588869
3303763 328172081
88836719 146669775
61985804 122826455
42163589 109169564
90232426 262112219
18117036 204165664
26420903 23785673
13201221 378301816
123013331 93636368
85753848 105695899
32839619 187695437
14045890 97369105
94544144 315202626
65493160 550103
136423378 282367616
264970 52339776
93680924 336690457
69309944 1273828
86659938 298206428
69723528 154299962
9431880 287172448
79729184 370794331
3873034 226051668
19550738 13017276
45635084 86691058
110841953 316644898
84775451 301887203
110841953 170017718
9808760 291435827
80160053 261466562
15980685 340779909
81150551 362526834
130756544 82358646
105425114 148914673
2617659 72854099
32839619 159688223
49792771 142015520
53241875 123465932
76372191 319890565
82962042 32389785
88164394 238114538
23237106 104636664
65455483 210251195
84713999 385078049
88836719 255431919
48638352 20341923
31608952 204515380
52833705 165635425
2617659 105695899
80160053 13931374
93680924 53667673
114395653 133124742
24626691 119700763
27554753 185761995
2202055 203243970
86564746 148050265
1023558 40476238
52833705 398676136
81150551 66775695
74346830 352882725
89862209 286903375
112624474 148418113
41297247 128556048
61985804 3167054
19359993 131843165
10710762 225802192
77560967 154785680
108426355 393176363
108426355 179328664
84713999 179708093
36986111 178424143
119394765 396171430
93782685 395246263
7813945 29857043
110841953 238659993
10710762 85589650
117368135 295495008
86564746 259759589
38102445 270747982
139354564 302924569
99411301 117097778
124565387 82322052
99775654 216007782
81914689 230256139
79729184 218340958
119264992 129382192
85116925 25450485
61840976 342598663
76236587 117760591
70248359 342907367
137954444 223252105
126990673 34585842
36986111 167962993
88836719 219224646
51112461 397183286
61985804 385512724
32958231 311234607
128080561 362421990
25017330 393642172
114728469 228470028
65420807 76415539
125093067 308883834
135012633 109442634
134450458 234723619
94634280 315119130
65541703 124980020
89862209 329761002
103774521 388783934
40796628 301980661
45635084 76473339
40297927 169724291
84713999 126325671
60884718 395802622
126990673 95910606
13532967 214468935
61849905 317480418
991004 149450176
31761710 275137791
56106491 61024283
24626691 398005602
138824382 244583188
31786460 333665265
4904673 263993109
105568389 34721781
120962167 332971405
124565387 111206109
93782685 339439931
77766892 128464392
110159765 287739671
139476957 307792517
138824382 180230771
43749181 356352087
93782685 7836587
66201870 389415097
