114269602 129857732
1143730 375501149
58100824 35945040
85753848 299517413
76109602 345191843
39358454 165840152
53489411 48887295
69576159 175796232
61160942 110609118
91992860 360806251
141296727 50867065
141296727 149137087
73059824 320741553
50418349 228008613
141296727 23142362
62491723 315583107
111698341 28023094
50284640 117108121
61942084 150823353
139833156 340255777
113726035 195340069
54546790 206833072
59557976 147128828
141296727 27616331
82228572 174500298
139833156 379579385
24066696 378187338
101571478 358920066
82565848 390181058
69754786 352092001
32109732 104943710
137015441 123088627
82009033 241997584
61836835 337616433
136741668 131657057
65080988 44774122
108259909 342271524
123798968 358966192
82228572 277815484
139833156 198647206
127219944 229873755
3523116 359062052
79401882 147358654
47571449 336810473
66805194 156169149
116187395 260726831
112754870 216510873
82103242 212228243
38102445 24228443
82773347 697739
12048172 75847794
454497 29345721
137683586 298357207
21449998 67611664
91467553 197880298
117604582 210028468
99411301 46305301
5096381 368250082
117604582 299428025
86476720 149467698
66264769 88057415
114269602 403867251
137744802 324013315
38102445 66575581
139659471 184751841
64749469 258322501
126601909 162612670
115577187 243249090
90232426 383049527
66013505 262099640
82009033 175569871
27756102 335718551
3523116 275995101
129119090 162555639
69992291 145991125
119962907 325022855
137683586 26411833
82228572 149357507
19747904 102145488
12048172 316927315
125117551 124684050
36106937 169540009
67665242 218239500
90402638 153461770
138299981 358152260
127298242 144991572
99411301 75962221
94544144 164605177
106490158 35228093
117604582 197542835
65221359 30554135
54368965 383994459
106613402 73148195
12592427 315583107
131228215 163959797
101039105 236787421
82228572 99613688
31576281 257514018
60325466 84303806
77680469 6283715
80470667 144661103
132196457 228612902
88980512 383706382
121758009 189105777
136741668 245503755
129329656 326138269
33608085 357452496
58724231 235192603
114269602 129382192
89297848 198787640
72067111 34944682
89297848 70047105
96629143 194701908
98946475 280607812
78161252 261688422
109090731 97247672
121197997 372583791
111736993 344505622
77680469 83858984
32497825 146124279
2024732 151119175
60884718 286612311
100554558 238378882
43324052 402672215
17665940 364894687
36106937 172061898
82773347 345324460
137744802 43951869
42844457 16132497
42530586 51060698
111509432 5099705
137683586 116334392
78161252 127887288
58100824 50953724
69918931 14136232
8473096 329684962
76130800 273377166
86476720 295504633
114269602 157964951
44338642 195093192
94544144 331615439
57984762 311280387
32531784 386062568
39358454 224137271
112302007 225604253
126424662 369539770
76419160 321886986
39358454 225089474
106490158 56611237
43356881 245551160
36106937 352811486
59631495 40201271
89383339 183385466
82009033 116337098
73570970 80672502
119962907 83116774
58100824 315798867
58552612 267489455
1434429 314773278
31576281 221321500
60408316 292117405
15455947 402273124
66873092 323331879
119962907 293271592
60884718 186199015
133315917 401202576
89297848 197254675
95574197 382358582
116923816 26454969
133641782 82954934
82228572 124405015
89389805 111804444
66873092 71985415
3624197 3167054
77187176 257612874
33608085 215491464
1187238 130660969
132550854 88064781
16674524 129787723
76874961 219695539
135788021 198745488
109688356 78134435
14862895 245553685
89383339 332598923
32497825 125555158
33608085 142598338
69799403 105630945
85753848 137096203
69799403 154208412
125084529 904875
89383339 378687641
1053509 286259581
130321834 314903844
32497825 64437836
136407839 14789239
70634382 145530601
24805517 160429919
1535406 365319672
49265158 4080574
141296727 238227751
36016747 268859721
43451997 372406579
22696053 254011390
21968456 400034164
69419619 4646934
115479287 172491229
53872916 162990089
133674448 182428948
61849905 97225099
116557044 255749722
58206817 63404599
32497825 159708788
132523344 267865316
119962907 107546712
139833156 20620518
122626233 9668440
3503734 181630953
91475997 212157019
117368135 353089474
24066696 87331936
77187176 9341767
11864903 290655916
107650965 30632568
78048479 275533574
11960847 279076132
12048172 165689431
99411301 25871741
27756102 267127315
40297927 209760522
111698341 354261797
107650965 18661023
106479971 210028911
44643497 308970424
38102445 16663366
107650965 43545040
120690308 359916772
40441550 195140715
61061469 130269273
49940966 141456123
137683586 393002812
61061469 168082158
82742259 291168619
95234057 318942024
92129428 211731562
106479971 50814359
78622535 177097813
37006225 234210958
141492445 174816359
60420048 291604241
117368135 40333558
111509432 224533319
73570970 403372799
88836719 337164027
124565387 122006821
43356881 332408430
60884718 267234580
112302007 282694387
49262969 382592933
106186173 379098432
17526434 80796732
64079770 366765383
24066696 343478707
142344317 123709387
30831194 119612853
41051784 300768775
57141881 252147462
129235708 360806251
53675738 177856957
86476720 210140214
137683586 397554774
68981931 69927654
112754870 80591531
117604582 1493780
107650965 23326914
109498494 211925542
25072444 225120131
82228572 366782874
141296727 253847296
73059824 107824964
85901503 47179411
17258875 279026839
113113004 372135782
12608436 80233719
7312643 178504330
44353593 16142948
32497825 92693221
66805194 136163525
37006225 165180808
133854282 199636260
58949820 223734442
119510685 235501019
32773474 300656251
43356881 173137793
53489411 119809283
32497825 229986195
37006225 174195883
85116925 203558763
112754870 142015520
76109602 318038461
21449998 180512388
9916865 127049655
42530586 255764916
129398889 166385385
109277485 34196451
84298500 390181058
68195140 15604
129862703 385512724
25341430 161823181
99411301 197980951
49240356 191500029
112754870 80136291
122869892 63275079
76609587 117911713
82228572 319476849
42968257 317327004
89297848 367256007
57334064 212626921
43324052 268488417
107220228 145199582
92129428 235624825
121323018 50754310
82742259 208621639
65663678 1079317
58100824 26684489
90232426 305653094
61849905 42372916
20048853 271018127
19785023 314471462
73059824 183909494
19785023 364173744
63801698 56297051
98744542 218943086
31899440 49002319
112754870 17549405
79729184 139551565
108949633 90468420
121187853 365319672
2583781 393254236
112761389 351028526
24805517 291479145
20759992 333852951
96349609 182973087
136741668 43964167
137683586 287667502
45416453 99285596
125084529 393642172
102438554 82413543
115163806 237874599
52673329 15069291
24772941 307853978
89297848 212308742
141296727 280446706
9957695 298146945
86317377 389192745
52402505 215788044
116937648 174327141
66772845 389192619
138299981 192314211
112761389 311780254
24066696 207943603
38102445 238053641
68763635 195895922
71124457 18450050
111698341 385857271
85381452 376854790
69309915 338713194
120435097 266361661
7813945 123667787
120682506 375254201
57334064 392376651
89297848 88036741
16915261 396623986
54368965 273283182
139833156 261027244
19621712 134011902
32497825 158670278
99779405 388553641
61061469 321646366
30089790 187630798
58949820 31724845
29847444 57712376
40297927 373669201
141296727 198290879
89737408 245356388
139833156 382537748
73059824 298332235
120690308 140486558
99411301 22363943
76874961 249773065
26591222 17894069
63801698 279206349
9937452 322968860
80470667 198146878
107650965 141326902
98747755 282008118
21449998 218543682
120736960 84417591
12048172 288247997
57334064 135810300
114269602 204682276
3913639 101606505
53675738 95135752
133854282 270118126
69576159 56290131
99411301 38510474
96189202 267655927
139659471 195478202
84298500 399505471
140141293 398752983
141296727 60927172
76130800 205221970
31576281 259544838
138299981 27502916
57462906 814249
12048172 383713488
132984253 243393540
86476720 167919732
91475997 184815728
7071315 315583107
