109369720 320782849
77187176 59142621
46550020 223112838
60371446 324621470
89587988 244744584
106678728 217168193
138096801 288984496
113671708 351069490
8779015 3096697
109369720 178465907
70412049 137468803
129467967 108448023
102100388 297800553
86868724 314504804
93325108 175193760
18292649 56462476
107022033 163966142
101893207 14582138
119621996 45965264
114407780 95021594
18162415 253080700
117859770 189147027
92129428 148601718
40523696 117660830
114037562 286623026
72840840 104883287
22496560 37523800
4904673 41044709
95574197 297917059
80802991 85854990
117859770 88196283
25837904 259677320
70412049 123610985
31720916 297057837
94376746 65169518
41888827 52374645
50322291 317841481
137637748 189050262
132859392 327176259
60884718 224049950
77187176 47371518
78048479 134776158
45674240 404477380
24045086 280666680
71193336 124241182
106990912 370757635
6597815 101676198
111492575 74447203
92471565 348392533
76214743 333476326
24839021 228058625
99463552 255814763
19163256 344945383
82773347 811036
4904673 252371770
49971174 57474847
93320822 366164766
84547687 145493522
77187176 386378227
77187176 77964254
25837904 58727293
64079770 96517626
99503374 216339088
85116925 397683486
57361144 9481888
106678728 36351033
95280402 109280331
43380951 237568207
135809294 232597109
50322291 11088430
70412049 96196547
34895313 188078845
83367628 299640525
139600267 99847553
60866435 263138716
122944530 235401169
94376746 21208125
102100388 296004566
117368135 373593380
78964654 254559485
101982129 189189243
5203264 105392265
627349 400499276
125788856 213035171
63105422 194626706
122944530 218212240
98292967 219115841
15583256 135407993
49335337 201301033
40994655 283403306
40523696 315482333
23450918 43578886
94376746 218589399
82733729 106857779
60371446 5087984
50918155 204328610
102743010 315119130
109369720 256267889
95402018 385528424
141741386 302924569
98292967 144244637
102100388 230558745
142309360 352940544
135514874 165101425
92129428 30335223
109369720 270984103
16915261 16358948
43296722 299517911
60371446 187847237
65420807 312583213
120284895 169460602
6629168 381662846
85894090 287045289
118597588 11541169
110632475 36672341
139738941 264174046
61849905 296619611
22496560 116091600
129284687 322968860
124169015 197669885
40907060 246761560
66872523 110249913
115036475 64023323
135809294 357921741
16143276 229694662
73331581 252182155
6843786 71679184
43990317 212240398
117368135 277114195
68855010 184205073
40523696 118036972
53016665 367943845
96934202 354516927
132859392 255015371
23450918 328275451
16691538 31416373
50690481 57474847
135809294 170937625
16288988 395074329
6597815 355434012
627349 149784572
60866435 51785162
93325108 282779722
109122076 75504163
627349 105132664
74094443 144255736
123591416 250289765
18686636 49718239
123819670 361620214
114407780 357936524
110935101 74821634
24839021 119661254
40523696 18993624
24045086 286847639
90254543 240443763
44445004 203698828
109104663 3326581
64501310 354432714
8081753 212188725
90909280 103533548
112271829 260868496
53016665 28827326
19409059 55606071
100772220 401251820
93325108 256181038
86507870 151151142
55585675 339333726
138304776 15813745
77187176 373278287
85832076 392092271
129957620 160944282
74094443 35721360
37916008 125395068
116557044 174353037
74094443 75027017
16143276 234577518
18292649 346836251
137158994 167679428
24045086 326770949
93053437 239300087
30562839 152011
130269564 390966137
134309562 16243595
77187176 24547415
1778994 392326194
96890729 209715707
74094443 36830195
73427429 271855858
2764328 327984013
28836058 14136232
89333606 191889584
78964654 269398203
61849905 345477748
10070648 115509518
73331581 209391195
134261042 208362284
98609058 209356893
63643294 8802685
11114501 62603817
17715311 175967514
44703989 155069080
89903781 382562380
93325108 306665890
16143276 56821937
73490341 345725116
101689972 391007175
135389344 208002381
24045086 23119047
81525436 110670292
82816917 210387599
56485225 399035407
77187176 296510834
128523088 259013587
24045086 46119018
93325108 155866957
96294796 282546171
45635084 26517078
53016665 311784379
77187176 36585076
7494627 92936403
83772729 57671373
31969919 326090192
37970659 85451613
24045086 367954158
120675225 192923912
20585998 244806042
129957620 332105364
22788122 57474847
85072760 105424254
135809294 271587203
53675738 71796857
73331581 286709387
46495539 356497535
10038587 358681304
8779015 205015444
131393158 83013703
77187176 122507208
77187176 395856501
126458188 368201511
22235504 8591377
117368135 370167888
140872172 61351959
65834424 302321834
52625459 251291728
50301733 285169671
85235720 314678054
49335337 314879760
43380951 92883427
110632475 82461677
1972513 358097620
69387053 30741480
133135970 21665802
37970659 105988941
106990912 167207358
43380951 1695043
30562839 344886421
109090637 316802662
78964654 150848534
36641911 174327141
77465332 261481160
41282708 373116464
76214743 366911878
27801492 182186178
110679472 377683223
38794391 81963667
103228540 381277616
107022033 77195453
46372358 363024473
51840068 197290185
112271829 378878990
140334474 321886986
24045086 1784006
114407780 51170178
64079770 366765383
134884808 372428640
51755975 118812962
93325108 35006597
627349 56898226
109369720 162625766
54596791 82537531
29898034 338630082
53016665 228997686
60371446 400224907
85235720 86302060
96934202 253546275
31786460 386163101
109369720 372074895
19409059 40639330
95280402 227595929
116641691 80233719
19381333 221844031
6629168 260307401
102100388 108542105
55590425 3974032
74703764 360010027
131039248 245065304
118400837 311674876
63643294 20663453
24045086 271187388
121047127 286177163
74703764 269995280
84775451 267563698
98292967 124829016
26962287 323470825
24447145 63411120
109277485 81674115
131393158 85854990
114936167 119941758
1778994 249154726
21367508 284555480
68795151 68314045
93398793 74641366
134261042 132533259
2334161 218212240
76130800 226850549
123404554 204689278
108675325 179307802
96934202 142753471
26664688 160609829
73427429 82979167
24729502 402188127
110935101 349051058
94819100 259179682
26731285 193975156
111509432 120881192
109867332 264469913
26131485 302634742
75058330 313402877
93325108 173419821
39415778 61767345
15980685 120831354
70412049 182526744
85762170 29034996
103298536 382752910
60371446 194701908
85169591 131904115
60371446 49291304
24729502 271748295
132575385 208969080
134309562 228068866
110632475 250204735
41999826 79458119
68795151 161992080
71193336 265270712
126082433 242377729
2344622 167065439
94376746 301789092
60866435 181926179
70412049 349867070
57412556 374603183
116084393 329061940
96189202 91960331
66013505 337251638
19409059 300991619
91805048 296319143
129957620 80977335
136482190 376155758
77187176 89732402
129957620 358667409
90652115 186176858
73331581 80662686
64296382 52202615
114407780 235009366
55212549 128953359
109326585 118201925
123488278 120886471
106783016 112029869
60325466 285407350
64966045 341684058
131908191 307792517
101034881 287824233
74703764 91279966
53016665 240514714
64182182 150142055
38182692 150020871
40523696 46224541
119889465 372600182
86347757 299979612
67665242 354162897
28727952 154176461
85164861 110467907
106105995 258652613
78161252 758746
77187176 388623507
87665729 287889821
70412049 69716809
42422044 354203891
116641691 252183238
8429025 393059038
133854282 78994855
59669265 88500410
69754786 282934321
53016665 263149478
53016665 216831269
134867267 194109891
85169591 401809465
93507114 70810974
98638050 42287367
112009635 353763980
134884808 367572080
44445004 331716726
70072485 397725623
85235720 317726873
60371446 291303549
89862209 286718882
102100388 75872412
98292967 146216099
139354564 140140765
627349 282080957
75536562 81135687
94625250 216437143
70318676 44774441
7821057 326108663
94625250 97366599
125117551 232226079
92129428 213913663
62800458 314096331
96934202 53483566
85381452 164587570
94376746 343762981
137587571 94176913
54987533 36754561
50322291 181887807
24839021 161303549
76874961 249773065
11940579 236286674
70412049 211867896
90254543 154238462
135809294 299851899
42977680 42758945
31006519 63818354
93945234 7822947
93325108 316356599
40523696 320841935
75536562 274473997
105864867 380162909
96934202 13246976
94779338 42079670
89862209 322592427
137637748 163115786
85901586 178389637
36641911 277169337
5725817 234165224
6597815 187303998
53016665 389242167
124706263 318074751
53016665 62954417
44445004 158506442
73490341 115720770
36123691 10750044
105767002 32966526
97014003 360869379
117368135 358329460
123404554 397466428
46576158 297185864
123404554 6655588
93355152 129476226
96934202 37375519
47156937 110749170
31379822 366053268
74703764 95264914
102100388 182662726
17715311 158904712
78735780 153973223
35012787 245836111
4904673 52131085
31786460 262542691
