76236587 288610616
87837648 17635676
63105422 256880878
114118982 362923848
12572107 302820102
138096801 271233475
80160053 357104534
114204430 73061580
88681894 151497451
4035167 96815136
71036667 299836688
24642742 289418812
104543990 48608288
57673022 328035762
83635059 332156078
49790086 334055192
15350277 336542980
51840068 123519096
23130068 327138791
72229479 7066980
134947168 378617539
82103242 99130527
49391797 98125174
142165791 214683302
13604389 398444445
109180409 164997478
57817053 179731692
13604389 42483473
65646895 397645798
31222716 222116271
12572107 260664068
36664089 112101512
104543990 147895337
124789729 13232391
121197997 24334536
57462906 355624974
95831069 66020633
15434369 211241683
48182677 350662435
134947168 203458372
94101029 326142502
26420903 12282970
111765574 221734088
91127849 272357531
30867018 253065464
74597638 343617510
16471696 153285101
47216621 46057828
104543990 223979634
77452875 91923568
37252716 8822143
106234362 253920873
117859770 115932837
120403020 394765677
15040272 352390437
120607401 96095956
75656155 388759911
4035167 265398758
14555625 138635555
18089906 169410294
49459744 92324342
115798884 198863803
41515205 184702801
22132823 183312499
123053379 345464261
32156553 199211213
32156553 16587186
70819814 143448419
64749469 268028429
28796545 125527429
47216621 140520314
135263255 5828029
22209187 170831857
66899098 119082689
78789513 200463737
109606491 101185531
123053379 78567584
93398793 334017005
63538585 314295537
12161548 61412116
91475997 343465726
53439550 125561307
22132823 259455645
104682831 92120508
2989488 373943148
118019357 394044247
91475997 239392190
87349767 55560820
98747755 242738160
76435949 385982292
13907248 166385385
88764337 222982711
63479831 84750374
51969060 180654654
91475997 297187213
15040272 20781714
73490341 255707253
82103242 10332364
42818311 52905818
87975311 378417738
90342802 321280297
128440836 308125551
2559590 64816708
126627380 184678723
135090452 50425201
132859392 335081218
87665729 390181058
14656393 389129871
106613402 153509450
4707609 112365502
1496806 329229496
114118982 394559198
73490341 305056099
120671311 167649599
12161548 98491063
50201629 118947995
61732051 377384211
66899098 54805347
45324981 356583805
120458405 110296654
61803293 249082793
73490341 336052094
87837648 52754059
142068875 261577786
57198121 196709622
49459744 47289264
60895034 395178415
22496560 354237312
87349767 182521108
28591008 66782082
137954444 233014276
39833553 228612902
76435949 282808241
97772305 155214386
78789513 55160597
24298420 206264939
49459744 357113459
139889630 287941720
135090452 101412792
47636434 391955293
134947168 191576968
86993985 85794087
49459744 261167498
60468635 305799510
26413884 402314482
82103242 247960345
82773347 345324460
54368965 170106090
74994281 147032127
94715497 201698106
31765583 63404599
136265501 240156438
62566363 85587233
66772845 245518828
120010802 198955749
135012633 40841338
64158384 241437636
64158384 259802959
89395586 299537365
3115117 63713422
12161548 46355175
25800428 112307439
78161252 166100745
141909682 23451552
106105995 63687388
117293037 157984068
120690308 167225518
82103242 116998182
84580258 382831965
92323562 103992235
84879940 18956248
82742259 180795226
4707609 86983765
15040272 391481855
8429025 242479833
47216621 26264367
97014003 50451830
108493335 13017276
10151584 318694372
15040272 155785827
131050580 373726223
81469622 186370408
66899098 242677913
63538585 175199671
39064405 280819651
130488245 6971376
129229632 296004566
40523696 208977943
51203615 235395544
10565950 25271595
83635059 382545009
78161252 96811513
119276116 150020871
117985011 321886986
96113054 221059025
56707430 21422218
50006440 380758825
78161252 113154897
104996540 364659986
1637359 29972361
95831069 224850819
7805089 184439581
73570970 153726876
99218322 78900191
106234362 7226056
93398793 23506443
106783016 355913707
130637943 184081436
7963964 213246538
23780418 134518856
96083423 279616096
69288209 238804104
12521330 82999563
69387053 161812721
57983419 337371557
76130800 176467895
18292649 303010993
50301733 199249620
130637943 65727230
141361543 103346221
140753842 234276451
82742259 202450597
71078554 125593389
44059108 205993405
33277457 339298950
84420056 230561535
93182231 393642172
5185661 191477344
130637943 80123266
13506203 259653673
82103242 15399058
139728754 126446174
83635059 175193767
26413884 19523649
41282708 184081436
139149641 390634710
83146472 76293715
104996540 361995882
117897755 157984068
94715497 255624651
81500436 261597458
94715497 51417616
130637943 83013703
114269602 203638861
73490341 303964448
11219229 86411399
50707276 155283044
88101910 383826322
20311539 144545442
54267939 150109068
47216621 44861008
82773347 169567608
36147332 31532943
2559590 177010835
132240407 325308387
41282708 80123266
21134416 341476240
52895501 329339266
13189660 187887528
62533830 156116561
100839322 357434507
119914664 37954687
87665729 383465545
88101910 99694235
26365477 17229776
26420903 8006625
68375070 218545348
49459744 305142543
1563139 382683161
35320346 251162143
90035738 157196064
104543990 372590330
63538585 55147778
7662848 343299064
34169827 78482272
101893207 177564432
37861536 135184252
12161548 374807202
75992430 368909617
120672595 262217440
39387686 289838667
104891848 342844659
82103242 91196830
20311539 247516218
76435949 281761795
133903904 262642695
49459744 279655153
105878476 254307671
111049040 197488747
119276116 251458617
23238578 342632457
1259623 186550116
60023876 232460865
49459744 46194360
69387053 196330541
37868022 242138911
57462906 183629646
112618249 181144038
129799740 174740963
81033854 20318047
15040272 375444018
17343568 343332483
15040272 344796091
130488245 243039560
60022410 355624974
100114414 46890977
51009510 197669885
43707353 86365402
114672900 76057216
124169015 88519288
47780785 126088143
130488245 146086493
12161548 8332583
87349767 316658880
17735458 47156647
94715497 335750216
89862209 350799864
115232626 68627207
48840319 212966621
139564921 175644271
4423839 170936861
133920823 252206561
109369720 44375378
45324981 248982123
82816917 234539427
138096801 395286568
82103242 290665379
69288209 296359938
41074672 378417738
47571449 125810000
23238578 176842457
4035167 401517880
68209642 320525658
57817053 175380654
105181314 330809551
101675574 320800068
93398793 330957372
86164487 204306225
76130800 160020232
51965294 283095102
49391797 270427264
133903904 238474327
91475997 214033234
117859770 205291694
37868022 257479336
12504005 121463324
101955831 303439189
133920823 27713154
26420903 216429041
31448191 242024813
13604389 55246565
18187983 122042102
32156553 310575894
99237218 34050336
124012044 143601524
114118982 215868829
134622261 376364942
69439146 396232239
53118094 73755233
135090452 85794087
4428605 181428821
76435949 56908134
59541795 239342258
50301733 79633650
17707753 315655151
51112461 378486949
40538635 155069080
97014003 397425291
64966045 104133969
61524802 179581285
63538585 97548721
31006519 23191112
60895034 209247190
99820815 328488636
120672595 387982534
13618452 384154797
64158384 194827964
49459744 28090573
87837648 12051728
92790292 194701908
1563139 310969312
73490341 159752877
25856373 362720568
41282708 198292381
94715497 84011600
44059108 296004566
138820502 159346198
57817053 363698677
27338801 90793218
24056502 314992536
74994281 94556058
76435949 339865254
124169015 329460862
105181314 338239150
69754786 280568478
57817053 125979665
26113145 61842133
62698131 10470570
15350277 5133169
4035167 248905422
24254500 75712953
47216621 366577807
121926844 315119130
95460368 208649693
136372002 360213552
76435949 398304484
104682831 103682650
36403590 393160610
64158384 358403047
12161548 349270627
23130068 179440619
11197176 345566507
87349767 243762412
129229632 105208301
2559590 328488636
20311539 226511134
50418349 231415617
93398793 64732182
133854282 78994855
96021761 75712953
76435949 120571090
86927679 228827876
81369260 387316318
133920823 79896542
82103242 235849845
66299039 186165507
111849931 53706782
87665729 307792517
124343016 86535745
132925736 319416703
126627380 190482096
69387053 98380071
28591008 333423233
112618249 32010825
1033896 365611269
49272579 180937755
12161548 88107099
91475997 119601928
95460368 287172448
128532381 308313271
87665729 114222524
104543990 110334721
64158384 241428822
139149641 335378832
133903904 142001329
18425591 365919237
98186890 159383515
18282993 2562394
4707609 353881659
89186645 360010027
42284380 3326581
134648874 1146465
18187983 253098790
37868022 17416760
130637943 118595236
45324981 301450752
24642742 183798747
61803293 403241177
49459744 24622013
88158177 58592756
35320346 194986311
140134509 397129894
46722887 316600780
74597638 51866458
116691510 36244303
121094926 329753329
76389315 83013703
43380951 358426432
94101029 198336641
56707430 45020000
60242958 9481888
11535404 346181028
78161252 305610363
92129428 49869909
120672595 328889069
116084393 358468223
97094915 165062409
15040272 238031608
72229479 285157380
36886015 258696829
12161548 159822071
82103242 331700409
73490341 115720770
94715497 234768135
135090452 29081460
82103242 256268189
115814132 306279190
88101910 402550064
39593162 57591564
50616842 28174307
47156937 110749170
73490341 182016111
49928 73006934
12572107 57423575
44552395 177605604
41766996 275774520
105321705 268811132
86830493 111320602
