77053167 277028056
69823568 22738545
69419619 124414602
45704124 402982721
98002604 273746193
128480499 155212507
45635084 232534626
57888518 266570868
61254078 114201441
141241567 290611711
96919921 87970845
78161252 909151
77053167 303501052
98002604 388096494
37006225 169904293
26664688 291340576
15233684 267877015
18292649 56462476
13853005 160983993
36886015 74419456
107269463 36890963
129235708 34693111
85116925 6769188
27313574 24075886
51405856 130660969
141422572 285364607
116557044 74036772
126244438 49002319
27730102 400625953
139704379 329169732
62153331 358752084
14296219 94268146
120140291 124414602
128366862 173192704
77053167 171487794
121472563 388998815
47216621 200784147
51965294 268473622
38818694 181983733
61732051 305052684
123478667 274800939
78161252 268290038
76874961 44564654
79976499 157262692
107269463 313444842
129121608 155929209
57945381 205203184
22894873 224861726
95492699 234202499
107269463 303481659
43749181 138165022
43749181 171271030
44718780 297862829
99411301 264374417
128080561 330719075
81949895 398659884
99411301 368379023
1033896 10558819
22894873 397670044
22894873 290932427
77053167 109107428
37267625 51413607
9937452 374552659
134648874 139445473
136191973 121463324
303013 328535890
81215829 111756853
116557044 40913317
43749181 237194765
77053167 68095981
4904673 280831125
27587447 293169309
11762464 358355690
90083915 288336651
95492699 391391986
2344622 211771593
25800428 91000860
37454396 307773324
17139694 193553944
137669809 181723795
68140975 57854799
36022598 222357071
91241437 354338808
22894873 152521101
61849905 264665547
99411301 52713815
59016682 349301764
66835786 42437985
86927679 382358582
81306581 138899414
44338642 177860116
112548251 24628615
25331864 19155415
18292649 239842230
107808763 354169372
129901098 369567118
57888518 212816198
61849905 396052447
67716906 90060514
76096192 390232790
124786576 104604294
134648874 211128048
47216621 54544587
128004624 138168439
72229479 226334050
95492699 162462494
2344622 38639043
87904187 230922615
66201870 228918557
44703989 181686669
116357641 57576119
138778775 313036945
85116925 52287483
66873092 204734439
66805194 268784471
124786576 320655174
18728844 76854844
113057271 323424773
87975311 292192518
61849905 296619611
15342990 198176152
13853005 236298769
51965294 298588869
90083915 291031128
43749181 102291493
14214900 79214045
105364881 55957680
19860842 135141526
125634578 57645673
74789061 193274887
108979670 85867158
100679735 108994317
106613402 353988833
47071435 299565802
108935333 77897909
46415349 371810080
78981800 259204802
37267625 327592177
91241437 389027892
86507870 241389770
53088692 237822952
95492699 357665058
90083915 160336075
89040341 73061580
102367955 218012473
413028 115935893
135118073 259896049
37424427 115076679
125304289 270216263
47407626 86519304
77687300 380359492
27730102 372428640
100589589 52855977
38322279 8378907
135118073 168044971
70597643 93709616
107269463 329180508
77687300 366211437
43293955 318414854
100256849 106270926
37267625 244283806
74789061 125666923
137949033 183313945
140651197 209488500
57972624 71838542
50923699 122218199
98002604 55894265
115581277 120009753
93447066 193180230
103064485 15913940
116557044 81423592
124565387 86022855
92521112 213012452
132859392 148069121
104376846 318191412
61617820 70511290
15512466 300930741
42422044 372514643
37267625 169770089
21762801 85830366
38964148 316102788
122603773 184088646
108538505 358192277
33543261 332652793
111698341 254040043
78161252 66934577
12504005 41119389
91241437 220536198
66873092 270878470
91241437 8575610
123783088 360989470
43749181 95535633
124786576 174271530
128707539 17187053
62153331 257985909
90083915 298102
49928 217236310
61849905 345477748
4497869 121885358
90083915 64172809
109489219 115842631
37267625 302258058
134621848 318729488
79976499 18170459
2344622 317205583
103064485 10970912
65507981 391821829
84123477 250800793
107850530 244330868
120736960 325885180
129403742 175858246
69492604 270519826
125415086 307792517
39501136 199568383
77053167 90983804
24846810 118108169
137669809 294406245
2052996 359021980
50923699 278903740
138059156 187786142
77053167 100207910
107269463 218092117
86507870 13063986
2344622 100597745
130583256 189066744
77053167 295170843
77687300 50500779
22052162 197647416
57888518 233892596
134621848 144347792
117578798 31555606
118800259 316555195
136372002 49796283
91241437 22696219
100764607 313891623
36111422 84094521
65393458 352901011
47769110 356131858
49749880 351624331
43749181 51134857
116357641 58280065
61732051 311674876
90083915 117893243
64301405 170196678
77053167 293277130
124789729 6315426
988074 280120726
51965294 3892822
29054420 376654964
136127632 357608288
83953028 168010998
10837425 213896412
122475253 273052482
27587447 377408757
36886015 374890725
30606728 134241000
23853499 127627817
43749181 364716684
135090452 193139713
16143276 120101613
16674524 10484850
79087195 64534801
15512466 296586673
37006225 217964686
86927679 188734206
124789729 357280697
27587447 319830419
81215829 104262923
627349 165757767
117046521 87879813
70010823 34585842
141658190 157052229
66420329 313178639
37267625 150143729
2344622 239892573
72802416 378084590
124789729 36351033
31370999 317944393
25800428 175272610
45770445 325778392
116357641 169002830
45403091 208600040
108569381 233217731
22052162 146266705
137393482 125666923
26917354 175090091
82816917 80233719
26664688 160609829
76130800 160020232
116557044 397868945
20322481 359783278
17380762 36635741
62305723 348025904
94628165 2719975
39003640 52406862
96809136 166418189
13853005 374214353
135347796 222179332
36022598 49002319
1637359 283697487
21762801 116456495
17258875 393711739
96919921 164351524
23749054 195378198
15512466 101871158
116557044 201983763
54257383 312636757
27587447 322957624
48995879 178307678
42136535 305440335
20529919 127414650
90083915 314678054
65393458 322272691
49928 176902892
80358420 404331330
26615437 10563085
140381135 135137393
98002604 182857288
2344622 355611439
90083915 1150348
59016682 134814576
120672595 387982534
47216621 212923776
139555789 4154967
93447066 305469466
107269463 75929251
107269463 113431280
134621848 151116737
22894873 3769623
57888518 398016185
77891491 96689803
66873092 262108061
38964148 84672466
22894873 93442140
90091673 174321644
76825664 247145152
50923699 380611389
51965294 124157061
2344622 194586428
65420807 17352004
115028333 332813440
56106491 231164261
2344622 99818868
134621848 305104631
21573720 56832385
135722092 116411482
51965294 47726956
10837425 212197124
78161252 131459347
105220768 192204361
91241437 100965434
37267625 390123112
47407626 71736456
107886518 205415976
47216621 108153554
87975311 22293786
120672595 199871193
129235708 20389318
106186173 307323468
16143276 361389187
77053167 89681270
13189725 131904115
13189725 400525892
91241437 255010567
53886024 357169325
46563819 354432714
77053167 402091727
41574514 172005016
45726007 355503959
60995596 3246378
30947796 375901488
27557493 211775133
91241437 296480724
69914040 359360573
65507981 345716261
122473970 196200699
90083915 165924795
114929525 373321568
129077923 161215215
98002604 146793179
35580708 39871190
121800511 10237913
122473970 321148063
91241437 75628777
64301405 299658971
64049642 316353522
78161252 212720599
49749880 53351602
124471795 98414076
138648106 89611220
42741845 164071650
61861941 400914589
19860842 125468050
15657391 303458254
124565387 66575581
54374592 382813927
38964148 109020230
134621848 357042400
105143440 181630953
