123814396,877540
64966045,386040162
37659974,321809149
138794692,3769623
4722649,210028911
90342802,12578116
70412049,221687659
131228215,210738577
27673005,4583213
8442041,387316318
52446250,323909993
117046521,330719075
93509184,316555195
10070648,68824153
16471696,29188570
102384012,400405447
129901098,136806108
142147795,186911806
129838217,127429960
61840976,353892706
77053167,277028056
24298954,192411889
4345477,52381952
105099621,86674842
93460087,261481160
82733729,160788176
46438190,127929905
77934101,139275009
112624474,396157993
50340729,91376635
95868729,171297748
83635059,116193424
19347313,203448751
98817070,22251811
16891565,153646577
69954393,172061898
138810986,293744807
30292145,75456646
5224199,50583368
107328166,290629655
131032896,310087598
66976876,9481888
46550020,223112838
132847169,106392612
60371446,324621470
122081043,83800807
70412049,176850611
94246382,377279372
118580080,145614316
108623128,373411006
39936758,136577745
61168,363314716
73331581,190320503
56485225,180257708
104568145,143799673
100576625,49002319
32988961,193269095
78048479,9845340
36723448,262383900
22717128,180523118
121687772,128405481
88231861,318038461
140987736,388998815
109369720,299963714
132773972,382131292
74994281,368877423
73427429,347914898
104418174,263071598
47141960,205081227
103298536,147681624
25261910,128319146
139555789,51517440
126460283,342294547
116557679,249141055
106678728,217168193
115965957,281842077
100371582,101975409
25800428,350438157
60895034,184821175
71193336,135058145
127929103,346526182
50322291,400445903
78018680,86674842
133135970,401180974
82860078,92205232
116782939,157196064
18187983,109195366
31462872,249970869
65964178,226605102
40994655,231685385
83094299,204060410
50923699,49002319
52402505,168329867
123783088,371875827
110422419,27604294
59397714,145289989
36731024,243218074
44552395,163340476
135027916,287451234
29990078,393082732
114407780,181313444
46438190,89746771
79919662,95875607
61973656,82479493
80154957,86544886
141106107,304744713
42408320,102490613
129979590,96658691
4707609,399035407
101675574,217710959
17896561,198473551
16439195,268605515
10146198,274470854
84051224,135912962
39003640,16066930
112009635,96491975
41405339,284689797
6396227,129128556
82816917,402713988
132940744,49491453
101571478,347221497
34123658,15870061
142258739,359617702
110840041,251863161
33773587,95875607
46604709,388998815
81929696,177620891
61134302,118173578
52673329,146960274
24839442,221296152
59669265,365712326
8779015,3096697
7432045,367572080
74435353,321809149
52225359,278243696
4423839,80023048
49445501,11541169
139728754,163627704
80157281,58138784
88583894,312609118
119370179,210028911
15554387,231817847
73223346,106603352
35565163,11789725
4707609,138455022
72597136,3769623
23971826,12246940
36886015,275880086
97861587,362032154
96503383,90074271
57673022,328035762
85758206,297020531
108101748,53738139
82898642,95875607
95103333,398608352
4345477,328488636
80759955,257170497
93949903,310608572
24066696,164073116
109122076,113037945
11571473,197794457
56970482,360869379
116187395,251479834
65800700,393642172
109369720,178465907
70412049,137468803
91992860,360806251
129467967,108448023
125040946,92956048
71152040,186967359
24370042,294167986
76456939,84711749
44422702,72028523
9506719,135912962
1972513,364583473
60702375,252990863
107474719,25176731
116905978,305808052
86868724,314504804
28591008,121894359
59594572,374880559
136516330,115842631
114822510,98656648
108611714,350441845
90083915,200377009
93325108,175193760
100114414,21003106
130212592,124370395
122131736,118396565
81929696,358481495
11121474,337275523
61254078,197292506
76130800,219437589
58859677,303324206
42601350,120411914
72249339,11467114
108237848,249618450
103541652,313163336
86927679,227218767
30607791,242949785
73059824,320741553
87823047,278582434
101991833,101591989
89383339,275245636
91614178,147432026
26694724,3769623
15040272,126031444
132773972,36351033
34208020,345538332
29898034,234110932
139388007,174222497
137637748,119286596
109498494,95875607
7815258,182871201
62744953,269003836
90342802,352448172
97265297,309405367
134947168,245896862
91986591,49291304
37538825,87784203
113726035,363942491
18292649,56462476
93398793,276273446
117595647,368877423
43294371,209034921
62533830,174178790
45568795,159990385
493185,57110250
121621363,74701829
98626231,196942675
40994655,116560369
123490960,329980793
45324981,255887101
60142922,260110559
41574514,254266946
118828178,117099012
120849054,255887101
5185661,287026654
41657821,205081227
3191999,262806920
46129044,48728070
60371446,227949979
20815921,123546650
129979590,300653164
31840935,44167488
57573535,340999290
45710176,126031444
10553800,179307802
94173761,342333796
107022033,163966142
134622261,172768185
65455483,274456889
109823359,308886939
74597638,84711749
30167097,11604690
26842732,130154432
57231536,317337660
44703989,350674375
11940579,258527828
137015441,154204044
106105995,223388726
141851381,92656637
5648876,226812783
101893207,14582138
56970482,352390437
116923816,86071912
25331864,110324554
77562861,130154432
22235504,404102478
106264780,85090285
77455519,49002319
140753842,157572815
61840976,5203405
83367118,254266946
95203830,88038214
84549991,254266946
60371446,178886375
121776645,305418679
74261240,299260493
77187176,113585004
40297927,295474952
60473530,288831894
12504005,28481787
119621996,45965264
71437303,47144786
11664310,14666619
8803847,348412233
39541083,106693181
25800428,106027111
120258671,347745633
31006519,103609430
31558554,274470854
57938534,220315473
33646417,221048537
70515163,239072664
37623476,272884740
54370253,347716573
138810986,63388090
95868729,272884740
10890725,321809149
105050448,332849832
102857568,25176731
137050612,51502956
45324981,176842457
18162415,253080700
130756544,95974844
120736960,14605511
68845467,389538566
84876648,347221497
26381102,38257672
90670839,290602830
55612331,341631055
51761489,155069080
60296781,51734688
10553800,148899846
24254500,50127185
115450037,389902669
137567393,18730664
90342802,180634005
124792007,90218348
51003537,220315473
6398552,79944314
10989401,326293524
132323147,244575755
29221416,284689797
32345386,134086779
55299848,277783368
89383339,265532507
1076545,404102478
97862797,367431739
34424467,333516134
142147795,276210594
84549991,81355813
139659471,67944932
23971826,94593359
93182231,259883429
135675623,43648333
46129044,205081227
137392529,384727550
64942113,101591989
120083395,321809149
138824382,329088165
105196966,287172448
18204749,153542365
14045890,21731007
66772845,103847184
68198511,372600182
66772845,256500599
56024287,352882725
132859392,28332465
141851381,79813309
30904698,256787541
89912374,147350878
45635084,63993437
93403989,371221966
136897695,163803551
70849782,278350487
76236587,17222670
132523344,220315473
130348050,292117405
21249023,192386451
87623885,309480338
120258671,227474303
112800294,39170871
40523696,117660830
35175499,189105777
30933765,160978635
95336587,264035656
83635059,213869624
54503733,328060109
64182182,200090135
98002604,44911807
13758285,34762304
114407780,209377672
98734198,18857299
74628360,364567874
78964654,227433318
22873496,90218348
10549716,262407143
1778994,216704309
25611009,15445568
129847687,342294547
72840840,104883287
89897300,116116173
45635084,237892738
76150079,16322108
25800428,40759546
7842388,174419779
52446250,63414298
111736993,334892984
129254313,11749839
93563618,375423291
109688356,390872258
29898034,118947995
141565666,82479493
27793062,287045289
109059613,85551646
109217786,197504708
15026713,143621630
132984253,324301474
3750447,131945690
120187810,296619611
32345386,355545017
19662928,357254793
33244168,256787541
19961647,247003587
6597815,225444164
18292649,400158003
83635059,115418438
100699909,249141055
70396834,22251811
117859770,88196283
53016665,146154438
94544144,154204044
18110679,354416776
129957620,75263462
99030368,390964900
69953654,103116684
90402638,249480376
5451459,153989971
65612930,275834051
24912666,4997225
94770747,395012931
26958678,230389981
71437303,173865540
51840068,46276772
11892255,312136899
65087966,91248181
107886518,308434350
138810986,131166154
99483054,393642172
46495539,323809913
99861945,53738139
130337391,43249079
122631631,252165349
82309815,38705722
9506719,250421389
133135970,144806805
50750654,352882725
4193084,849387
116106398,134125521
112631165,9678029
14794503,195915395
111698341,362748681
74261240,247150761
139878830,37101896
84155111,28246761
114407780,400089424
23130068,130589868
98265779,73511900
41766996,235190847
69195987,287045289
39980904,352882725
25837904,259677320
141572511,358697840
66201870,376420520
67611131,183769060
84270583,61401594
30867018,395012931
73331581,392814533
31720916,297057837
106783016,366768587
44616691,17549405
120971329,353754783
96715930,257803450
52432914,388998815
70412049,85797081
94376746,65169518
3303277,138455022
63723740,223948318
41888827,52374645
39833553,323551363
86507870,79605055
107495962,309515561
36121813,51734688
34360692,7254203
89394332,382096952
49749880,28481787
108204131,76293715
110422419,208501449
6043068,302168630
131042936,287045289
61363397,255887101
125086882,90074271
137531511,398716779
137637748,189050262
64296382,383446737
138072562,247651169
60473530,193391701
51003537,67944932
109666404,182871201
80829800,87784203
54228513,285635413
96833374,240193205
52622542,289137717
135745717,293123213
72225030,399757811
94246382,21070039
85753848,171002089
140334474,378303671
60473530,112152073
22850551,257686262
99834781,242787498
6629168,90686538
47203083,372600182
74261240,323774813
85932424,335961429
28796545,97877855
82884108,278243696
76389315,187955268
74871408,254026670
64966045,384331280
56970482,202829025
71073370,169617725
19571711,244935161
22704445,109230142
128069985,197743223
3649107,118077026
48840319,33591985
114936167,237531266
83156622,40326683
117106172,170141030
120671311,382559647
84549991,334017005
4601466,321809149
8966891,50577455
53016665,107860589
34895313,61219782
111509432,155655737
57412556,404102478
44038985,404102478
19662928,290366713
100368294,396543694
39006152,213586962
3762752,187427989
135563501,332200299
57866314,124247902
8442041,341320749
103969132,53476455
134622261,67705362
105359649,9481888
58749285,267902446
1972513,273986105
23818334,313611675
102041361,275264557
55351846,102145488
17380762,395250347
88964142,272955223
78048479,134776158
15512466,148330818
66835786,190023204
64557721,186370408
129284687,112748727
19852570,378687641
48579800,254266946
138495343,401707722
21184032,338682329
108259909,59196642
106783016,71909782
48012710,117505450
85363944,153914019
24045086,280666680
52625459,124772233
73448027,362145683
36106937,161424108
77452190,197980951
84012516,390094310
128707539,298174661
133948296,302168630
8322595,374682763
137683586,58689779
28836058,321646366
46823994,69679364
43380951,152951838
15343106,314839607
5130561,252371770
17526434,41258485
85589229,124247902
67431810,170167230
50068354,191590466
44552395,83013703
89383339,41397072
108161523,277783368
64712283,117099012
120532813,50414968
43725519,69409795
34471589,102277313
105373655,195850360
80182755,376665433
40092325,245844951
22174547,101591989
132523344,224880860
130000821,128349585
137226024,400405447
58335778,245223904
30706543,274470854
98734198,192386451
69387053,51104874
12504005,98230658
116510616,181686669
9506719,152612565
102857568,184439581
68845467,365346086
6835466,35290228
41515205,360143390
114656315,246443301
39304410,194716874
120596976,133109698
115476927,154854028
82595029,52900329
98817070,366748144
109500349,179307802
91241437,363942491
8081753,301124059
98817070,221611973
117157065,274470854
54228513,125554786
124717738,47645955
28777693,238001190
6597815,101676198
45324981,249815230
107879987,40326683
89862209,250421389
76214743,333476326
68845467,105753567
47174804,360869379
88980512,106716927
40796628,137363053
134622261,366782874
128575721,287398980
5343879,352882725
103702074,115842631
41866258,117959473
96759528,182762077
129085256,341004678
29608942,176571127
38393915,60968656
10070648,177822362
75363385,197489806
128398192,347251858
16174142,388998815
127228302,360498030
99463552,255814763
27296776,121126442
106783016,338604978
64497148,95910606
24839021,93378090
93029303,142402825
132859392,400914059
18524634,3700188
102737187,196553431
4707609,22933384
132523344,147356433
30187992,284646804
58077011,179753047
40994655,111738726
19550738,33507136
40642904,354210694
83635059,239365628
75992430,139683195
17946911,106304028
34844620,312695186
64497148,233220234
107517017,39170871
116905978,168164474
103724384,312050085
94246382,166897171
94047794,50181608
82773347,811036
3913639,185353244
6396896,388998815
110734533,262112219
31741926,323349755
4035167,265398758
34424467,142598338
132859392,233561662
18187983,137220373
25261910,120549397
44552395,9845340
124244465,372600182
12737165,36585076
85382416,267268332
18802476,86535745
49311211,71796857
94145179,313611675
109684252,251066801
39980904,87407188
19662928,8172836
46129044,150131165
7615259,135404001
46415349,221059025
6479495,297187213
48820780,68317696
42921981,365712326
129449164,296456902
52402505,17815395
120736960,201167108
138810986,176328398
61062450,295622024
44040790,117644089
140500519,128405481
131228215,164406901
133930246,179154490
77505473,392944238
57029481,355545017
104102895,223823698
136875155,34155893
124169015,397103899
115798884,198863803
119394765,105695899
43380951,169809056
13494122,287045289
135809294,33188917
128669773,303405737
31786460,16119491
5897540,252950674
74261240,170884233
89383339,122181611
40523696,16652948
15376420,390181058
123053379,104636099
1165338,109551528
39780301,363314716
3750447,347193819
100121590,363238492
99775654,252990863
61840976,346091674
123141066,103609430
130637943,66788374
4904673,252371770
90670839,52830963
49971174,57474847
86236991,123543908
84879940,322217710
141278390,199568383
34424467,265043786
20145080,386838081
120435097,155599238
81099003,177620891
92993610,254266946
105080646,178886375
61286747,90074271
45927875,61649586
8322595,231935684
59453344,240193205
8966891,158177756
83399121,294615477
4261840,205081227
49610117,347221497
6396227,108610023
123761088,176840612
38185963,73335740
141741386,123543908
93490354,175967514
123990518,195226593
114773667,236078279
5346838,15870061
100371582,317177488
115981262,384691159
68479212,13215522
43543446,308886939
84547687,145493522
77187176,386378227
53892787,49002319
46247646,6662545
107517017,31908622
68656573,88038214
89862209,342902136
107962946,278243696
10751658,64357919
103348019,332324815
80470667,50127185
111063096,118495017
101991833,325314519
102212715,403781516
121340861,279818265
74261240,117266711
85209339,279375049
80157281,353240692
43580053,136279949
44248133,389191059
102212715,360010027
60473530,248146359
60325466,104695273
61134302,347858110
45085914,249141055
43527099,17549405
38252266,362101070
77452875,78900191
17254185,64837178
138299981,84370486
83893051,340859918
106264374,358697840
85164861,173695382
136976745,211640174
27572899,9481888
49473443,233884002
129917466,298206428
84879940,313821047
77935067,34155893
24839442,25373306
73372782,192386451
39980904,59688834
21968456,122727559
104418174,385710752
25800428,348434973
42977680,22068803
69423169,388998815
82816917,268923335
101732381,378303671
22804811,203049729
61254078,375465203
64087996,247942041
71952221,354839194
24045086,375736312
132240407,52905818
20262488,139274854
56481194,52158355
133854282,213237131
66835786,44205997
24998109,399430249
138299981,163867441
13715846,272772380
90688627,178072751
91241437,368479129
8280019,244424598
50301733,309515561
137645631,341041682
36147332,128272452
120435097,180967512
64079770,96517626
49240356,10558819
8429025,354839194
124169015,398284525
53872916,295700140
113726035,305451212
100424208,26252117
86532771,352390437
110488779,145292389
23865567,390181058
75318830,255101216
99030368,80796732
13715846,307987411
130348050,384933602
60022410,115842631
34593792,15748135
35717987,365671043
35661127,223823698
86058116,215783560
90342802,24984775
132949381,220436274
24839442,86309034
106678728,370413592
135118073,339116307
111849931,289432617
12737165,365712326
99503374,216339088
109606491,101185531
57866314,49291304
50923699,315145982
52993887,33870148
140987736,321809149
10404201,393642172
77187176,262112219
41866258,134493982
57361144,9481888
65091539,39282481
94376746,183431911
32056631,106385751
132228155,393716661
28836058,226916215
19187898,362815508
36409669,121463324
37374363,314355912
74261240,260596604
105767002,308721717
73331581,15917835
9748855,126193734
106678728,36351033
7338868,177620891
30928127,185682125
46576158,43929014
111492575,23148213
95280402,109280331
116923816,68415679
3564077,147109011
28110322,322673947
20815921,137373642
54867992,289078722
103724384,401707722
113221238,174321644
117848028,321809149
83635059,17397089
43380951,237568207
991004,328488636
137683586,125660102
51121397,228497732
48579800,228497732
130637943,198292381
28102496,400405447
129901098,177620891
90083915,288336651
22090676,144710434
46129044,289557137
62549252,49002319
30867018,115842631
50322291,11088430
22393062,26631919
66339151,250421389
126975553,109639391
54878837,287484730
127579903,132561571
50322291,223746088
68342216,41882132
129838217,167562894
14794503,124391710
73490341,87784203
41809500,400914589
138291385,315989540
109867332,295496890
34895313,188078845
627349,38658045
138858951,342294547
63116645,395145743
93781445,140499643
43294371,273501352
36313120,124391710
45454938,389369791
110273089,262112219
132240407,386838081
20293815,243874419
73828671,139275009
94569666,213130268
12632816,342654681
59398938,261157155
40523696,65040305
115950484,8066506
83367628,299640525
102041361,343348825
24524187,192204361
68672928,352882725
1266327,313735336
82378875,128405481
54228513,169179530
23976557,305613858
124792007,53738139
57334064,205081227
65851171,49291304
98626231,272208788
4428605,178537121
129979590,185846692
136516330,327895583
96952258,137801099
89897300,255887101
94715497,291803673
89862209,172356694
115908019,259883429
31969919,28503261
32962916,205081227
141308708,340754383
1928096,262112219
56761351,318694372
70186590,289327560
47216621,79219839
3913639,229756306
130580296,115591703
61150788,321809149
76372191,289394802
117974829,95875607
110513785,141723632
93782685,304735281
105153368,120235541
22393062,87784203
123141066,112154866
116510616,346860249
100371582,348827689
47716384,106925858
74022105,388298623
67665242,193946381
140141293,11486004
138882157,315288663
112061178,15069291
24839442,223608275
57945381,187804534
108101748,95875607
130637943,160952845
40387549,190459138
110265812,20946961
68113752,248515866
11801279,372600182
96882763,374354226
1655526,95875607
139215401,183385466
138072562,86447841
48182677,78900191
32971905,107600473
10404201,49276662
23115142,261039658
33918143,124035773
88439967,358442312
84031225,224597003
16891565,41456182
4345477,290418014
60756558,36351033
34123658,245149884
28102496,321809149
47141960,245149884
88965791,76770416
3762752,201104483
76435150,198473551
43220575,234530675
74162246,272670951
110513785,11541169
53210263,355545017
90035738,261481160
230326,42309031
61973656,45924266
71806663,227275517
114269602,208300239
117368135,373593380
124686576,355545017
62491723,80656313
64563806,849387
130212592,365712326
94544144,115842631
42422044,340636767
87623885,233845898
75129413,339507300
110513785,362101070
137645631,363942491
79976499,233947796
41866258,285773835
2764328,121894359
114672900,204405378
40092325,71860380
61840976,84066923
132523344,42309031
67611131,399035407
57505577,342265063
129979590,292804253
128341590,74701829
7963964,215869484
22393062,289097201
71159805,396321302
120258671,342884796
95335821,210218381
82860078,138920985
102100388,267726481
70396834,80233719
11594957,340810280
65953023,195226593
70412049,214528614
78922712,220315473
135809294,358448671
96952258,184205073
60371446,2605295
135580342,265716425
117604582,150257911
50322291,180967512
63643294,265561901
95533704,363642182
4273621,366748144
93447066,402232578
127098592,237857163
627349,400499276
131890646,371721722
90688627,323164339
5224199,243592400
141782686,370413592
8429025,154031573
115577187,355591265
45324981,56815455
101689972,21109983
110796363,95875607
55427335,116116173
47335620,42150863
110857935,381321707
77504559,268605515
22564263,193269095
57334064,101288629
9525174,89104095
5725817,44015501
40523696,244388942
91775158,195226593
134383496,150429306
84549991,90074271
20915701,92656637
73448027,347221497
59594572,290167052
68368944,21957777
10756625,178883928
45304111,214226413
25800428,193860013
91467553,365712326
83635059,26454969
140758038,82076041
102100388,140110022
104418174,190191927
114407780,5936292
63105422,194626706
15040272,92065001
41297247,159091915
107886518,53738139
66835786,41927530
113559597,358697840
85901586,186041434
23261029,141720992
107667652,271786836
45635084,322431174
74286792,401707722
15980685,82162016
16143276,222718720
10031528,88038214
32971905,403981258
65080988,375419949
7821057,370682493
102933198,112030541
125543364,328060109
100945241,95875607
85305086,9481888
19381333,151184787
120736960,271525828
134622261,219634967
38127544,208382055
8583317,51673627
10070648,242140877
43749181,11894996
51826644,39949344
25329794,313346710
139277928,21731007
113391797,120325001
86907014,192386451
128825158,308877297
139116227,207322321
71193336,385639193
24912666,8369774
24839442,310341265
40613326,185353244
122944530,218212240
102182796,28715261
41766996,21957777
106678728,310411889
27882034,41258485
39215700,386152922
31379822,159990385
92332181,276364549
117604582,9481888
15012976,301980661
15583256,135407993
82860078,126684889
70412049,176174001
14252487,354839194
140895366,87398920
61732051,373241695
114407780,289186278
15980685,158990982
44038985,317876506
65420807,367544024
127992957,80656313
94376746,403712250
27746727,348448920
95574197,292351764
72333767,284555480
98817070,255887101
121094926,250072268
47216621,102667705
120971329,27960778
120435097,328494364
60420048,72067190
112761389,7589444
90035738,55989574
15376420,210140214
49335337,201301033
63933950,24688305
61973656,261481160
81525436,128405481
79650152,43422799
126460283,359204007
129862703,254266946
101033549,215082369
99030368,161519847
76435949,129449878
89383339,55975385
82920525,40549746
36933597,362815508
70412049,145869999
61438158,320550494
15980685,170507270
122420696,152770619
122740238,73122509
72249339,227275517
14011730,273867685
74261240,178883928
137683586,46353006
66899098,34873961
119510685,121894359
62584124,255893992
33787718,118595236
94376746,176571127
54393201,375465203
141050630,243854818
91542984,292956680
105878476,315292727
104418174,340802401
58749285,112178897
5415211,124247902
72930662,339107044
119962907,192386451
16873602,138635555
88366771,3769623
15980685,396005501
49764873,365712326
26239858,197292506
77935067,393642172
4707609,354248983
73427429,183851557
17887687,172412870
14141952,301980661
94544144,326130220
72395472,131010176
135514874,400914589
114407780,343176034
104891987,99217716
77918889,186370408
109867332,18107712
93398793,305882645
33210604,122727559
95327292,149858314
55585675,210290989
109355858,80297723
84775451,33441527
82378875,26945801
36661777,33460093
104588677,159354698
15554387,382813927
264970,364101379
81067736,198939110
97144998,264063277
95016203,59196642
82733729,106857779
32696162,12465316
125250972,401958806
23090493,134086779
25800428,41161371
138810986,401707722
54368965,241064792
23090493,49276662
50918155,204328610
102743010,315119130
46372358,364443976
57198121,92956048
90342802,51211843
113084604,275245636
52833705,115842631
106733895,271954083
3370238,371221966
130212592,274347850
42717643,275245636
140870011,210028911
8779015,75985059
89394332,345944609
135514874,231390479
141673850,265532507
137531511,123067968
38393616,229560242
36723448,70926138
31150503,128161912
25820087,189781713
107802336,371875827
73934820,128405481
87219119,339615171
106473961,185035840
95402018,385528424
97014003,332180452
141741386,302924569
121781335,252990863
123278459,19572654
102212715,122181611
64712283,153646577
38634248,41882132
59190735,327574299
73780361,263884571
85235720,129123835
45635084,241058209
1342803,262112219
45733404,262112219
104376846,106925858
141106107,366782874
103724384,122536584
52046047,296757431
127423663,93740130
139600267,183385466
54867992,6474462
54340873,220315473
76389315,325308387
114410186,261481160
70285486,340782243
84031225,49718239
1778994,231020501
123101323,110751228
93502332,304074586
137179190,252880454
95492699,162462494
114407780,337128081
106473961,291532294
33646417,250421389
3435374,374836139
137683586,288775900
82378875,85858575
125086882,296619611
70412049,73195108
12737165,849387
5185661,268804509
35422064,265532507
82886420,242416412
87161319,393716661
70285486,379056022
133641782,260070138
43725519,346910360
4064235,197757650
9869116,303019227
102100388,230558745
108028927,116116173
37401113,208600040
1586570,301980661
121047127,83288278
95335821,34821250
119078737,355545017
116106398,53688706
68324780,101591989
51816656,83363266
103669711,68078895
136127632,41397072
138086251,43824556
81798871,43602271
34257736,242664326
39260000,132323235
107886518,224861726
98817070,21739251
127992957,330719075
110513785,271170961
135514874,165101425
51160991,294454727
137179190,197757650
17718430,158555131
94634280,404387205
116372262,328488636
137567393,136540873
83367118,378303671
57573535,110324554
54053313,330977425
69195987,126665603
22090676,110324554
88158177,199726416
10415858,26494577
22043513,849387
71370759,183909494
83893051,208232387
9383251,120229129
99759576,102916250
116500279,50127185
61524802,183339608
12969765,147109011
41017565,368384161
62500763,217996686
106783016,18617903
137038952,3561761
41866258,303337729
35999644,197757650
134316585,254266946
115981262,244183686
93464833,205081227
107474719,353054865
82920525,183411460
1928096,121204984
126859000,150020871
15780957,395073455
77139479,336012447
41142803,228497732
96882763,156809128
57334064,120136077
17471472,27045401
34811514,385471331
29938725,95875607
31786460,93123724
93563618,86365402
63556787,314952447
90342802,48501671
126043898,398528490
20428615,158325013
120690308,206705014
47344550,202829025
65664174,249141055
132575385,140507935
51840068,26654292
126704657,207322826
109369720,270984103
66295737,400405447
68795151,267650637
22402560,259272037
97450985,313611675
28102496,243592400
28637703,309405367
23441311,42309031
90035738,217168193
43743064,395211594
43296722,299517911
127091300,53738139
109500349,121894359
90472432,377554370
68375070,340810280
25498370,1387196
136741668,194258624
65420807,312583213
12722132,67924612
1655526,205081227
104773093,164413681
30292145,264087976
111802084,110425041
24642742,370922014
120284895,169460602
134622261,7382727
45927875,139275009
33469659,184910045
81929696,42798136
104418174,280944065
18909506,342294547
2989488,261918174
44055370,2162632
116106398,107981213
112302007,22251811
53016665,116559790
93029303,208779453
68368944,372600182
19998815,309666957
76123992,30202321
107879987,312171265
116033573,126902916
39358454,292371197
103701413,10750044
14043203,198423461
95831069,344810337
108283906,81355813
80485189,287385647
50322291,84370486
66258086,191783439
85894090,287045289
85265002,254266946
103872466,194762065
87527373,11467114
97070373,167140647
40523696,211932375
113559597,278243696
53206482,293797051
64301405,21070039
126151021,283396948
66535482,41882132
45324981,98656648
130637943,210660697
25800428,380378895
89862209,68756047
104512968,289557137
118597588,11541169
89488053,146549477
137567393,12246940
39833553,228612902
73840745,254307671
90394581,107856465
122588387,7284543
10553800,235995698
20544860,311602137
99224658,122231601
20280300,80656313
1484148,355545017
17602816,371600059
36147332,50733076
57334064,340164930
46129044,346815773
110632475,36672341
30706543,121894359
45324981,187050873
70450500,9466715
139738941,264174046
69281815,311516126
107328166,877540
71437303,79172501
21134416,236064217
93355152,260105506
109750310,255887516
74261240,358009646
38245519,267234580
61849905,296619611
89749604,80615650
95234057,340169834
5343879,257306609
69953654,377849
15980685,285073034
22496560,116091600
110513785,82076041
129284687,322968860
30867018,148581437
63105422,14666619
124169015,197669885
137392529,338378654
45846277,209700058
63538585,251403780
24839442,70162159
65455483,369058889
72809892,262806920
66298563,382389745
95034768,383697912
95648313,314027588
45623941,400914589
34883946,301076775
113395505,95877642
64942113,16322108
47625246,401707722
115981262,259180626
36123691,245035065
60895034,153914019
40523696,145878483
54209577,400912100
101991833,384576119
116407632,296107760
135670856,237690276
37889013,396543694
87477352,255893992
113395505,220315473
53100059,41258485
72809892,296004566
56024287,120084809
94715497,254266946
16915261,106277487
66872523,110249913
59194752,200163560
134243691,311490598
85116925,192515478
82974260,312822510
116106398,384260077
18524634,366782874
43432534,42241452
96083423,96344731
95280402,13160410
71193336,13659603
127845416,272884740
93781445,128405481
93212193,286410858
91614178,364740200
95699045,140322593
124926491,345679821
85235720,235336180
16143276,229694662
51965294,298588869
71437303,387616892
127098592,382537748
2764328,156394710
24045086,109762809
108836330,328959069
114407780,100766938
139511800,3769623
63556787,96355923
13618452,257012250
36594355,404102478
94376746,300725555
68752329,256787541
6843786,71679184
99092352,367572080
109498494,299941043
90083915,291031128
15980685,13599310
72395472,223038630
137523335,308735138
88137020,51899387
76608886,255760593
85980172,102145488
71124457,250002393
111509432,7950881
100076457,176571127
31786460,228680494
17516380,198423461
43990317,212240398
22402560,371600059
40907060,314397726
93029303,378878990
104168764,278243696
24839442,47806307
6378117,375465203
69195987,263884571
12608436,131945690
116045466,340859918
66369549,110723106
102382857,224049950
111509432,227593814
110728476,3096697
35291852,62858944
88287026,202770477
103188393,35379808
96882763,129476226
100112070,294615477
70186590,126007808
61840976,178098472
32192900,16322108
72809892,263451639
70285486,370024291
42977680,336106744
50322291,186911806
5689814,76293715
136482190,390621619
23038853,282999976
78836388,345679821
135675623,28186254
25800428,56863443
115908019,155059
120736960,142654607
110422419,118756488
102974850,130237505
61924014,4646934
84051224,164027294
51275001,224049950
30606728,258442243
112624474,157954789
99092352,157132568
41657821,49002319
113084604,236916558
113305289,87010968
131662045,287316287
95280402,205863379
61334074,100609181
33936456,78038983
114488216,292117405
134622261,279228077
71437303,388298623
117859770,389675860
100293116,164027294
3370238,130154432
87088035,393642172
109500349,95875607
25820087,16322108
87692720,7476379
36797719,12376117
36773664,347221497
23450918,208715196
15969446,349051797
36409669,261806995
61150788,91015894
85164861,343569284
117368135,277114195
142366327,262112219
45304111,27188558
93945234,368877423
90342802,194925375
107495962,27068301
28777693,15870061
138810986,148893156
109500349,53738139
81805172,13567153
118226346,193416319
53964738,245850225
68752329,378303671
57817053,311025569
38102445,294545645
6698727,266958499
11313128,367533690
141106107,370024291
76825664,234561274
50668017,216161188
28102496,107985791
131890646,101591989
94376746,34379614
85274495,399351300
118828623,353881659
41866258,142628243
142366327,177730776
101571478,42309031
116045466,261481160
53016665,367943845
36248161,403981258
69871078,389589187
95648313,224576785
4904673,152034503
93029303,314973510
128379477,284555480
63105422,352268671
30819827,359700213
41515205,269140628
40439823,359997392
110164603,326498667
52463107,38830684
85812156,275742465
105767002,304744713
73490341,289343653
99820815,117099012
2024732,151119175
8966891,183216906
110422419,275058279
139919319,32086566
83635059,321602353
132859392,136960335
54393201,319647811
139600267,250281209
116106398,309422120
90795949,165623717
115036475,377838923
71022760,221048537
23749054,181269052
130637943,286129249
92993610,1648392
60432494,303713964
132859392,255015371
94068081,228497732
19282319,328060109
23450918,328275451
88158177,153096406
91296173,15867822
8598345,403401969
131681429,55989574
130830924,388998815
83635059,250976916
36680928,371221966
65420807,330183049
33288470,41882132
140144632,304074586
69754786,399705829
123488278,331111837
16915261,173771858
108836330,83800807
86507870,146064718
136127632,363333094
107850530,382216868
65455483,27298633
35099300,321809149
22393062,130154432
125826318,292820739
15878366,114201441
39081616,282288512
77483187,262112219
81746762,237847587
87692720,5221177
70378443,27068301
32400706,137565703
120690308,224713225
94144340,387316318
90394581,175327138
46159134,383616437
35284607,198423461
51112461,112657413
37889013,40661802
105431298,278243696
22232670,28481787
16405015,21681762
106783016,261990897
16691538,31416373
118033983,243218074
78161252,72751474
54503733,177076164
69876728,18057639
105345142,120163080
51544071,321809149
120664599,7925935
105740779,341320749
9655581,152770619
30606728,107471854
45855740,211775133
50322291,121120670
57334064,124405015
77053167,4733971
64519524,266111377
50690481,57474847
60473530,394695651
17923195,147251067
28485598,361474389
85116925,388868279
16288988,360764770
139301753,166897171
62584124,122727559
137744802,43951869
6794243,195162041
110362834,160978635
37424427,116116173
128963825,28246761
96306125,102145488
111598421,393642172
46758215,5714862
25331864,106087404
55585675,392175258
88583894,207985428
75536562,155024810
119131148,89746771
18102896,92956048
96189202,13706856
75578463,122746649
43725519,166324597
36281725,90294129
8066606,849387
15980685,194902818
127992957,378303671
122619975,22251811
129152847,211775133
115981262,104265057
19646548,42741644
131890646,41397072
52046047,301260579
126460283,360498030
61150788,268136718
71806663,224049950
69953654,322148210
17380762,185140971
41866258,246143333
111492575,194701908
43380951,215089747
66134641,155741574
76236587,110683311
22496560,210816706
24912666,174629039
91401521,249141055
69760730,47898207
51622249,181235396
9268414,257514018
40551347,239988247
66258086,336005068
4904673,33175320
131429910,248146359
48898910,280668566
748014,290999637
142181977,292454294
120882680,117820021
38794391,315941500
76389315,90218348
63144168,390460100
37309589,86104909
23501761,277783368
27686709,849387
90342802,181894934
104512968,33162858
12722132,237669349
94103350,262112219
61840976,2734406
120736960,274677312
56219570,355992192
37644304,280668566
82378875,356951180
98734198,144710434
142143305,192204361
29518619,388998815
115908019,237287775
64519524,288899947
127813943,121045554
103193588,262112219
121637618,65327121
102104634,377700216
88110785,328062713
130637943,91155558
113377196,260818603
130269564,361346418
48820780,347382401
53892787,235190847
98638050,258984271
74392465,330176355
118352761,337421353
4428605,53159165
99237218,39230348
28821133,341349046
128649752,388998815
118400837,41397072
16288988,395074329
6597815,355434012
115908019,364811832
102367955,218012473
66546927,250421389
104531516,208097193
25820087,156809128
107479712,241747883
71437303,103609430
15980685,110426792
132683466,394695651
9670219,355545017
35291852,83363266
76614706,374842582
38932958,382602104
32455786,404102478
129077923,381321707
26365477,71845048
2202055,172454755
66835786,68449400
122373269,341041682
34424467,84711749
5622721,209034921
19598141,369013947
124169015,4573004
92342149,325372846
112124836,134052630
54228513,207449114
103706057,172838745
12632816,245149884
32971905,347221497
70285486,112154866
82816917,19793927
116806409,354839194
131890646,145701858
93325108,282779722
75816106,78596443
89817683,29087601
45324981,81835047
141274681,309515561
68198511,393642172
40910479,3931106
83612546,262112219
31720916,9151091
124857404,325849915
99463552,262112219
141106107,195915395
4530578,257464514
57412556,227674094
627349,105132664
93029303,166897171
112124836,202770477
84368466,28628122
24839442,184250310
120664599,44015501
32011454,9481888
53616158,93949180
108318908,313611675
70680961,12246940
130232182,226132382
42530586,101555830
52622542,293698998
93781445,173701753
49265158,286730790
102100388,237869569
129979590,62512900
113395505,316957378
13398279,75406459
100901664,91248181
42509174,190191927
10886351,21836842
25849481,4201674
13715846,355184607
134200941,252371770
25618584,255887101
2989488,345285620
27577886,35669692
139600267,253691399
34334840,287045289
50923699,266552581
101135329,47898207
87161319,352390437
25331864,23691820
46653549,137998140
76477693,389369791
16915261,2734406
51208247,80233719
114036937,16464528
124169015,404383800
24839442,338884358
36594355,15983013
45927875,313611675
7029695,262112219
137587571,400041905
59594572,90294129
2617659,101215726
41515205,119651594
69195987,49002319
60274550,63425748
96882763,138679560
21008348,293594279
97642222,107985791
74094443,144255736
3435374,5714862
9748855,101591989
76109602,346860249
113395505,3096697
103702074,217168193
106783016,218846717
89383339,284689797
8322595,394832673
29234861,145701858
58552612,383697912
33086149,317876506
122090409,28481787
88980512,264636083
7815258,67944932
64190622,57215001
90342802,283939067
69493193,275264557
31562437,346275716
126424662,95253928
92266011,380413012
138299981,11088430
115210637,22251811
127027436,3769623
55197747,169462113
75656155,292485610
134185008,209376425
66258086,140243111
94975301,33938628
45085914,404102478
20362789,115938571
96728721,357008108
59594572,63668118
54209577,106788884
47909125,371579154
100764607,26370195
122995738,267250128
127091300,121894359
21597711,46369244
103188393,134086779
105740779,269003836
23130068,185697258
88738775,122195868
58077011,78805177
135460068,120235541
29472913,137801099
11594957,21070039
109369720,325367551
95852908,49002319
97481341,3769623
9748855,236848918
112302007,123543908
20426327,335779593
57334064,368984134
47216621,137801099
139149641,287172448
26841601,352390437
18240383,132708853
135413852,7725991
122869892,254307671
114407780,74053200
74261240,276066459
4904673,108672668
89862209,11985775
18162415,80297723
96728721,189050262
16037264,4060192
82216798,140463302
133641782,283115525
95540279,404218699
67217136,86230403
54209577,279427223
91686454,197504708
25800428,51459267
107269463,329180508
30606728,294287651
65953023,130237505
100945241,88038214
141838906,120703151
4345477,47907338
78279188,9481888
77386010,243592400
119760989,253798979
124343016,133486908
141308708,124370395
813598,156079162
61985804,273054828
114407780,172758201
69545007,365671043
141361543,355545017
59344659,220315473
85753848,153542365
129979590,120028968
32696162,311602137
54867992,352390437
73462522,158335948
60344002,94062845
54527285,206248940
36111422,331111837
31718228,254266946
142147795,22320397
51578997,383876696
64182182,383169896
25624293,304744713
1692400,187390205
1259623,299204525
90083915,70162490
76435949,40841338
38345289,212550797
25800428,215036200
59355812,254266946
114407780,397013749
136741668,367653124
84434154,390112815
39358454,340999290
121552946,120411914
56970482,140463302
66721209,302634742
50322291,153646577
43630624,282999976
101982129,356552411
134200941,367572080
140895366,346083572
44939837,162962647
42557900,53738139
17007443,290629655
61998067,223823698
92760184,386986472
63556787,310010107
7500925,3769623
73415930,49002319
25331864,401495
57361144,217839179
132045912,246490188
50915402,212550797
114407780,357936524
99030368,43824556
36061410,41882132
89792074,165403493
132601166,97299483
99218322,290629655
135514874,205081227
137179190,267250128
69953654,211888287
94625250,133533279
141106107,103682650
84647259,88196283
131390205,310202660
58859677,284555480
127501729,400405447
24839442,403773585
28102496,5714862
13618452,117820021
24839442,352390437
24839021,119661254
99030368,199879467
113671708,366748144
37527972,197757650
76372191,235733106
106264374,266958499
69953654,284127559
88955119,186370408
44037373,104241347
59130195,19572654
31741926,83824089
40523696,18993624
73255004,382096952
94724265,357594595
85785429,311127140
24045086,286847639
55197747,164260648
24565144,94062845
89862209,376689117
748014,102675474
98609058,340296958
50240467,228497732
64749469,365712326
25331864,321485654
26413884,188362864
104773093,365712326
104772634,376364942
37889013,101591989
1778994,404198410
25800428,13907502
90254543,240443763
28610813,180775842
44445004,203698828
82378875,133072151
29938725,205081227
103020279,108050831
85169591,135406325
110796363,328060109
135389344,400405447
15012976,44300975
92979905,5087984
141308708,244935161
50556227,43632379
120607401,277923995
112761389,99153722
40523696,309515561
57573535,95875607
50918155,331681820
137567393,221611973
134867267,227812802
27698306,118495017
112618249,201139288
47781222,75456646
120971329,388998815
108706810,192386451
84734741,287451234
84549991,340535292
66983676,387316318
126975553,41052602
8756709,368877423
38029088,274238947
130637943,385466119
108623128,222126554
62277862,313185677
122626233,368479129
59594572,80297723
37352560,235190847
132859392,118045776
82878305,3454172
75656155,375485854
29453063,215813682
63105422,190168191
1017622,293148277
61840976,143054991
102123146,372707380
98609058,143054991
126380492,95152448
74261240,311697897
39358454,110324554
138349945,120325001
16426792,340996734
69723528,219479376
70412049,98845296
115210637,366748144
98158859,128405481
68816517,41886855
104588677,224292613
26347276,101591989
120859758,370366552
93447066,75527571
64501310,354432714
68896342,117517856
31741926,18189868
118019357,351398204
89819186,282113015
89362349,149088823
120607401,343611241
107054952,116151303
8081753,212188725
40387549,208382065
85393494,302634742
101893207,95875607
78275733,290629655
91401521,235190847
78109343,87199723
54368965,8370210
85753848,160448044
95831069,341670768
45623941,209034921
74154402,130154432
20697861,181686669
50322291,230389981
66339151,141720992
97886398,252765883
37971336,22385668
131312966,263575711
36855645,11467114
20319214,259883429
24773114,220315473
114204430,23109891
124926491,287172448
81798871,320550494
49928,120463430
59911103,250281209
138299981,173865540
106651590,401707722
105099621,59386467
18798980,175967514
48840319,103302132
63556787,271094840
134621848,57215001
113395505,295622024
112271829,260868496
142344317,365671043
100456028,271880426
140632642,267818285
59401882,205081227
57922834,107985791
108277029,164666227
111698341,38762656
65663678,256272028
95280402,122484194
24729502,352882725
134621848,15827836
70285486,363649749
90083915,263703776
82626397,137899877
59045872,126621203
40994655,3976981
81099003,49002319
627349,113025208
43380951,349948178
128069985,298206428
66310393,347691407
82773347,43346363
82009033,24632240
65078859,403119214
119760989,278222910
129900605,341320749
6846140,78918258
74664651,367552318
89394332,251863161
26962287,375938631
84012516,269655513
19409059,55606071
41017565,125218085
29809341,199726416
123141066,29435299
13117645,206248940
141712457,235190847
83635059,196690391
100772220,401251820
33543261,221611973
95391913,78877881
79729184,69149301
110796363,158785069
138072562,244630859
94047794,235515367
93325108,256181038
81798871,390555936
9407139,125554048
65271788,253241814
813598,234165947
116403499,291758683
43380951,374120169
99779405,242064189
57334064,40319949
102499982,401751237
114283742,185512119
68413004,200212348
93563618,350584622
115454693,255887101
61840976,51087891
86507870,151151142
121374760,278081388
88620925,130221961
129022180,16322108
138495343,346860249
114556011,351532019
100094762,186911806
8322595,272707758
104773093,84721162
102041361,300393149
63582274,353240692
133361096,173071254
79596701,250204735
85116925,322584862
75764489,72535078
136219138,134086779
71437303,32464854
132859392,317283013
81306581,85551646
138072562,374439879
82378875,69433436
138080575,147340049
82378875,195498058
88439967,43912058
138349945,117644089
100945241,310575894
79729184,333573065
136482190,355545017
24447145,341235965
71284684,282288512
103160095,269794430
49055042,388998815
15980685,63707163
44040790,254266946
47398432,341301920
74664651,367381496
54867992,19676711
31183067,112822836
102212513,275742465
106490158,38201545
91063218,197757650
95920514,197504708
112302007,36351033
133550084,27068301
107877583,287172448
24839442,243668076
116634436,205081227
51862581,148532301
100945241,115007346
85832076,392092271
102175750,255887101
69784592,165397965
12608436,378303671
126601909,285244672
134622261,140796567
25331864,163900508
114283742,169560754
33744378,106925858
141106107,199057319
2074637,115842631
95934502,321809149
95233036,320025006
98080912,110324554
120736960,324709155
37889013,382602104
37889013,261157155
53016665,343605008
74094443,35721360
82733729,296012361
99868558,21221161
48585859,304074586
77223060,262286598
57499730,237615136
84434154,16262900
14794503,68537076
102689596,283176701
94628165,36351033
139215401,256952548
62742815,207279435
71154103,76236609
78507048,310278780
55419797,128405481
24839442,197757650
74154402,3769623
105143440,48728070
31462872,26740733
84549991,396321302
60702375,355591265
7410322,336369739
52446250,323118108
83367628,382131292
56562475,186911806
14058841,273307550
125656626,263884571
19879468,228497732
28102496,192204361
135809294,281842077
85169591,126098151
47174804,93949180
104786700,11768025
130348050,142041279
48833599,203618206
95574197,309515561
26958678,172390581
74094443,75027017
37401113,153426923
84549991,36585076
110632475,378303671
116187395,232791284
39780301,399035407
102332975,381964196
60539627,189050262
54503733,121894359
114425805,396321302
44038985,390964900
30606728,119369027
57866314,254266946
129608107,80656313
61840976,356858861
109369720,312472382
29453063,156809128
23549038,177326874
8966891,280391953
107228987,283377776
103064485,138816811
1701869,287172448
2072250,121534212
83500758,223823698
43087695,230306638
18292649,346836251
74261240,321495071
91475997,70685147
4872882,401707722
77187176,207977858
127423663,353153234
11940579,334017005
72395472,190259295
120480241,29435299
109857359,95875607
87823047,167177057
360451,330719075
76102785,360869379
92342149,116079830
65227955,176571127
129692544,94945379
24045086,326770949
74261240,241982515
86241219,257834199
29608942,164144259
31786460,385312451
121928205,79882266
10553800,121894359
57505577,88519288
85393494,298206428
93053437,239300087
133361096,248860810
41405339,3769623
38850613,195226593
22402560,20615033
115965957,262112219
40994655,210383175
95648313,299110514
87816316,149702634
33384407,211775133
133641782,161478787
23038853,255101216
60371446,352055116
27296776,317876506
9748855,40661802
134867267,31752283
30562839,152011
76419160,195226593
6634422,124833223
69545007,242949785
28836058,39622653
130269564,390966137
116906904,153914019
89897300,121909308
138963403,371221966
65430299,401707722
102482295,19078826
136875155,13567153
77187176,24547415
56024287,84711749
68627095,185370477
140309085,117644089
109464365,287045289
59130195,153285101
135745717,36774355
33529509,49002319
15780957,167736691
104455138,4769320
100945241,114000870
117014579,13567153
1778994,392326194
96759528,40661802
115908019,61384015
42852789,110324554
49882656,202829025
74094443,36830195
119630317,250072268
66201870,229373071
104543990,197925972
74664651,3769623
124717738,251863161
36121813,324301474
80470667,169567608
114425805,321646366
31569374,170151996
106783016,356852632
92684627,121894359
67275977,148414065
135791933,248312527
73427429,271855858
41657821,95875607
3191999,353381230
120228731,5858186
103550913,332512471
113395505,185682125
132196457,377615951
115292190,3769623
19879468,48092315
6020290,395074329
2764328,327984013
4345477,216161188
136420024,34155893
117595647,329943362
15575974,352882725
142357865,229373071
110422419,142022728
124323186,239513634
48579800,90337957
130194730,348827689
73362660,355545017
96728721,35290228
89333606,191889584
97737338,380980531
3873034,216337578
129979590,306442303
61840976,370395691
28200616,52617049
102182796,152845509
108768391,129809646
82103242,340754383
113395505,298206428
129838217,313384866
25800428,113635484
17042777,389369791
66772845,198516001
51840068,392806636
134450458,344736736
10070648,115509518
50760032,16694808
17516380,16694020
9808760,296574944
54867992,210792180
141565666,37780695
51840068,71540587
51965294,132683628
72802416,188999760
140753842,234276451
32497825,64437836
39215700,270470815
58100824,83013703
60499009,209376425
105854400,259883429
117368135,68128510
16637032,87784203
47141960,95875607
44445004,221362198
79596701,120084809
96715930,227275517
66108640,320550494
73331581,312550592
117157065,49002319
120408978,80041936
93563618,158642472
114407780,41742010
28591008,110324554
30606728,137762590
14739519