76102785
61875003
18473301
95016203
132940744
25250160
50915402
13741474
104531516
76327598
63196351
60473530
85911844
80759955
82898642
19163256
140267624
70186590
55963214
41515205
93820663
43725519
3503734
86830493
135263255
115609030
122432429
109337004
127009850
59022402
86616657
98707773
64079770
76419160
133135970
85623882
58883715
85935756
29827518
14419615
33078703
113143246
37889013
7662848
69995353
83602812
939299
113970599
140556802
34257736
82111488
126043898
84477254
100699621
87623885
56352694
25578752
128779283
140762201
1928096
65663678
89072208
107545550
79446758
65916987
88439967
71276064
112730165
74553691
43349169
33384407
89862209
17254185
51770023
46338408
109180409
140769849
118918181
34692963
118169472
74261788
29368869
59631495
128069985
118112296
32839619
77465332
57221840
95852908
108768391
97391321
48979594
116056493
29278777
8832019
64182182
5409107
46823994
112225904
57412556
71104421
12048172
136393596
42614082
30425708
26594698
39106788
76614706
32209290
66872523
133674448
129152847
2072250
7944698
44449753
77452875
31338178
35291852
39705101
55299848
22402560
54287784
64864538
33212575
6416604
136976745
18060671
36886015
114999744
71159805
11521732
15040272
138977640
23150983
57198121
64942113
103686064
26622139
28518682
41550068
5441836
38237353
90081052
113057271
51083613
114497655
20355886
123020175
47216621
28102496
82378875
12897900
29064427
34028580
85525551
96503383
95507515
9683018
80984452
60933341
18444881
129229632
3703520
39593162
139552281
106218649
131771420
114189090
40072752
28653821
87259124
3762752
2302904
94173761
1561610
87083920
103962873
15512466
120849054
67736383
69492604
63693522
44614861
104891987
22235504
39100959
14543753
124782737
101954510
18760411
80829800
113391797
111207907
85489311
93485043
89333606
123013882
2432940
101135647
58949820
117190540
44206795
120458405
139545552
70570211
12161548
104773093
76417703
36855645
60318855
4770315
19647442
52316204
68807063
75764489
124761589
74120477
56941256
70042204
50370611
85989785
34263408
70378443
86958151
56351352
126147556
45489423
77139479
11073793
59594572
102115259
39083688
53675738
104414180
95533704
61152630
36530737
99635438
85098443
45925508
76363598
65646895
68855010
132213193
97636554
88257423
22090676
56970482
73098659
33290628
988074
96382230
72916232
2998777
79868555
91388134
114541484
134450458
41951897
12608436
17902089
893399
59502935
66922466
96384649
122794700
123337404
117916111
1825962
61524802
85901503
43252806
26340411
117974829
16891565
14794503
36731024
7138427
31222716
63421528
19646548
105767002
76473386
72966398
83763318
82162848
2616976
60623651
97175941
29733525
60756558
18094645
4606353
50240467
129729366
129506945
20519542
103085001
9608283
125250972
132506811
110089356
52326160
98638050
99768410
24474861
133705457
123202801
128007153
28687396
107879987
65335441
99984389
39501481
119760989
118701490
141658190
122874650
134943159
31550460
48610424
15826275
24414641
137252013
60962332
43114655
131093879
96320699
43927941
137954444
138495343
98530100
30516846
38252266
53236012
106990912
92964519
88538921
82848687
28398589
39387686
101759904
45268920
124352563
92985250
64928130
122655428
46476731
56553525
55377140
77393138
4273621
94316158
123603693
114740594
71107115
42560916
89453373
137506159
115506710
96364205
56138898
141851381
45349887
9274345
28591008
67431810
81997056
51880685
118982632
37197766
69814478
93375240
42019532
2849616
8598345
140767127
94376746
80157281
88821605
112800294
88959033
13906709
11460877
17471472
116418712
127009117
25837904
8779015
73822392
94770747
24045086
18187983
5185661
60365378
14504881
130580296
69723528
139235727
116568644
131228215
108923111
37476456
1017622
30089790
79278631
127665610
66976876
95827347
75129413
68898846
61866771
76936758
107577391
12513470
18658765
81523664
89394332
79913871
49616948
136643072
19872414
15434369
77099628
130321834
33713238
72874770
66166247
94347670
80861721
20544860
64141038
83684528
38973173
118036942
126632739
97772305
136265501
121811506
113893679
68661989
20280300
108042430
96737795
13019864
51532560
115476927
125623046
125567994
122037596
48932578
74664651
139919319
60086316
115977111
81306581
15538158
44038985
80485189
68183978
103228540
139833156
111849931
70602816
38127544
85235720
42284380
55773439
38353022
20048853
8036273
109369720
21184032
108519036
85528205
96230114
107914748
81814934
26202962
52217948
110339536
74356194
87443912
69499483
17380762
101188991
74445562
82705236
66015216
129657497
124171542
6193425
7232574
101960751
64190622
7546392
34024423
12027609
42605292
137092115
22717128
131386040
99903128
25400369
117965873
141200871
46758215
21668253
105952260
27673005
102799741
102689596
36358942
7953262
69051488
45255876
3401723
47174804
74793862
101821448
86317377
38223132
102020621
75553110
103466242
63106567
81034501
2052996
95203830
99101331
104392724
56760511
96089426
102182796
73053288
99483054
14703703
87196325
88967217
102123146
118142143
91518799
37093659
101991833
93355152
65885234
61038739
122762182
110796363
18798980
54393201
72569694
82009033
24908868
120063317
9603628
22626502
87855267
50259635
17923195
57509420
32958231
116082939
94195097
26841601
23115142
68479212
12102782
133174287
93118741
113084604
64587388
105143440
25389839
108049615
83752696
42438190
86295623
20808624
78109345
12213143
11583731
88017169
98051914
95574197
138080575
100176419
35999644
108565177
32156553
76475208
74412246
17042777
54878837
51816656
29367711
18425591
53241875
13836728
78836388
62510288
98670387
95218431
105266148
104622423
135485580
126603266
48898910
32298483
32123143
12737165
128519833
47674385
31659386
137221137
107508065
53515825
16439195
105291484
122552791
54987533
130337391
84123477
6469819
119859365
31662494
67807564
59160612
56707430
81967588
20143607
115445283
76303096
65964413
40172985
126460283
91113950
129398889
46778665
10697611
44810785
41668701
128412485
5999606
136628716
34382986
102974850
60284321
60175632
133031809
48716908
37868022
68352416
64158384
1535406
84608322
23038853
104560325
22393062
43882230
132611526
117848028
70423379
11186866
59633193
18909506
84418566
137082661
135817531
123700488
133442561
69281815
73223346
123614847
51003537
65340007
111385958
55327215
2395202
116424989
89831528
44721922
53118094
33393343
83173347
6398552
19936645
97873830
33277457
100673378
138314887
25800428
137455327
124829509
32356212
133361096
108430412
19409763
108594053
116571466
98087646
263901
35254700
93756432
37963888
66298563
69493193
141664851
68209642
57820803
44443335
48012828
135670856
1023558
116830510
81572955
102287533
124027686
104529732
127929103
73858
100213955
113443146
23251020
116641691
126704657
135012633
122141527
27200201
73993569
76295896
54527285
101808119
82826846
6866692
106479107
97641695
99910813
51840412
55678980
37644304
49971174
14810140
3090816
62144207
132671424
16557692
109474226
128601539
59578798
36926619
103774521
124697770
52432914
84368466
84095777
22847535
31057759
78218275
60433384
72573174
53616158
70308129
19517809
86494239
111063096
128669773
110193997
19730939
123798968
48833599
82619526
42136535
69998672
91127849
47294496
114183097
106760980
130053527
132399713
25965058
124565387
82531656
79596701
24729502
26309649
135090452
77156018
90324696
88605554
96063534
15456571
103653426
4252230
4734112
137206195
49372972
8688508
57099574
109159794
23768447
42850571
77687300
42163589
78895114
103669711
129235391
44059108
41509153
27698306
90335230
90175461
72501395
18117036
127311714
29359060
39670075
118825889
38568
60936059
55496517
26804514
44180837
95993830
127546251
130206172
18978709
1088688
19501801
131393158
78279188
127960021
33445386
61206602
30284767
115581277
26640891
19785023
643640
141224661
123783088
122714235
26591222
138794692
6597815
39575941
74261240
33263216
39988135
15522262
3826065
21008348
36215529
107048250
117233589
77277952
132984253
119349038
120962167
90091673
118899302
86808910
97378097
132847169
91311993
138778775
36061410
53164234
39640802
65160969
46102349
14049007
80886503
139370639
16549250
116590113
29762430
75318830
15089987
114222943
87383843
29938725
62745757
30559509
110857935
118047715
78161252
76435150
137669809
32011454
15408775
61414783
58349660
121187853
122090409
70597643
56238094
9249489
15817558
29221987
132132334
48583253
74898137
58303378
52235304
51654868
33787718
63652221
66721209
20815921
89587988
130351251
130627239
3653864
74135971
115971384
41993449
97144998
87452250
1593847
135580342
56043012
43479464
86659938
85762170
30819827
47335620
39133990
70500246
99322330
40017056
87847652
20426327
7494627
5224199
137050612
24018391
31786460
115981262
36287818
118714016
86528162
87186503
83435952
126453933
136897695
138600983
118033983
10553800
41072973
105513316
125830256
68810875
95079262
115913371
66518690
45709241
84242683
16458073
100368294
66347707
22846324
12000507
3564077
137115747
136257384
19839658
138083837
42263738
91805048
54604141
47951579
117143145
46241622
14058841
116413998
98292967
71524878
39470736
21968456
101097573
37252955
24644686
100945241
4855596
84066348
46320598
37821174
79412615
4428605
121323018
27296776
96877885
116180088
19877012
20668279
29943812
132859392
19611304
142072325
3827173
12632816
128080796
87721273
67278217
73448027
90130475
46179048
65078859
6252398
30364697
115983421
43087695
54503733
10763222
36933597
122619975
104849335
22814378
109727732
67201892
4446899
65029092
101276517
104418174
130269564
73788895
121374760
15283261
96499969
20238343
75268661
108949633
20262488
57468399
27246513
139368366
46861385
48034560
21838112
113559597
36179838
35145947
37478232
30562839
28536245
106080951
66322454
32649465
55860355
1902324
59451304
47156937
125828584
106126902
18344409
127845416
121778868
33522133
24754040
121300305
10070648
57081999
67037465
36106937
87480402
122944530
108604172
60000420
76515317
25517868
136875155
110374599
98006050
3153929
116761149
89362349
77260083
126101172
137699709
24985298
30706543
25103848
39207286
89606580
137190407
64519524
94569666
78179705
86947766
120571369
22833522
130756544
120607401
67469321
116486348
61254078
137547207
141106107
89662943
81083913
47346917
49619439
96786471
48733433
134375754
27338801
9343178
77896444
25129945
11892994
56438429
35191798
140632642
77688693
10151584
77504559
41017565
5683524
89668709
22031879
94101029
90954039
126590304
98679497
112989698
94111625
87384297
52724780
101861708
92266011
26956126
84420232
53332172
96722216
4829764
142147795
15343106
40907060
17421307
66310393
31307312
24709928
81892524
57713902
135510820
116033573
130637943
119370179
103299356
3303277
69741180
15750166
84548184
69667551
138899037
122950347
19095
21875777
92521112
125635006
141361543
129695577
31006519
88544112
13045535
48766601
12521330
54460794
134412210
103761429
6696781
81969298
53334106
78948943
84988197
100570214
1692400
56413410
58645613
93130238
29320282
131429910
41683503
61450887
22066282
90958542
130583905
74712897
58206242
131032896
137949033
80680135
94819100
104588677
85886160
132324484
125093067
127332408
68113752
116036613
128378444
56094913
26649410
141744589
6035004
78365354
29369641
62593471
116258080
79756947
88612821
42714086
78735780
132634718
132773972
107808763
31562437
129828194
28572200
20620133
49703412
136071927
142352840
26504487
25380273
54368965
125104557
50639608
118828178
120604262
32400706
114719558
89297848
117711807
111378577
47942288
107022033
113582757
70783003
78256365
4205661
99693145
33891499
92323562
37515271
109090731
64180936
84675350
80179233
52035400
49149782
1050250
73934820
5878084
122626233
85322350
83752120
105513020
56761351
58200499
72521730
18216389
60886488
38056569
42117103
80522255
19658853
134220323
87567216
77253471
142122487
138349945
16164748
12779464
133539544
132977088
123101323
118828623
60408890
95591350
48688879
46380691
30187992
86121663
109500349
78257174
28242823
140232604
41347685
106894987
95593269
85134448
136741668
124244465
75280677
46522251
2125036
137531511
57215489
33936456
52625459
96598209
92518643
7225206
50273825
5718045
19747904
37006225
52225359
80441054
96809136
38342762
104361779
26522179
76136927
79650152
85717637
54228513
136600472
128476824
7071315
141771287
85305086
76581695
122648349
140909144
106329860
108623128
124304480
80653155
115315519
69588442
18763809
115100866
112799347
122542268
78109343
88836719
92441599
137834151
128732566
54370253
101068112
86198775
14698625
26588361
101770415
79711760
36148755
6461380
109068679
14637140
124639382
6215320
27566371
70412049
85681627
23003616
121717836
124530857
128451387
124167000
67611131
69255224
58065859
53742835
23506775
47557009
37385058
80805550
74209995
127837164
70892487
12269523
74851525
38434744
66285477
103925962
128589161
71190731
26917354
132601166
23210309
77766892
141939336
116500279
122161280
50923699
24301744
42158519
124717738
101008138
133842123
66726739
63580104
46653549
96578339
58305040
62999613
74529782
91338720
57201592
58391604
125703971
65612930
126054140
108283616
36986111
85829920
10038587
85215482
137215130
78994353
111492575
9670219
72239230
114949116
3928505
141042177
110041714
76874961
18868044
35633068
66013505
129077923
129049292
58077011
81450166
108204131
107495962
30872855
5648876
18731849
45770445
113239449
35257863
65420018
107206590
30617126
102148525
71193336
36696186
84760261
122420696
123141066
26810455
62436178
103467877
83893051
68089629
99411301
36328591
35569676
79397371
92456812
130300349
7113713
77053167
106993699
22370536
95243829
141937697
73737167
121971087
106323028
6634422
45304111
114411836
116548791
205463
39685993
81949895
3781049
78048479
58867936
55585675
114166965
56885499
40243175
42509174
24438539
139267543
109867332
105940851
136005200
90746875
59265528
131965111
87211285
8182708
98965052
129862703
108676682
73597094
112217257
78772991
45484969
130714009
74760356
112994827
129608107
83255556
121511157
105568389
88583894
8429025
98946475
140941965
119026071
23721294
125736325
25028602
87371779
107791220
74057376
53581733
112235322
21322266
91915921
115295631
44040790
103412717
90841413
5526666
141565666
42012301
131585217
41574342
107705620
29809341
99221990
137226024
20446750
118901681
66625323
118974630
139432164
13108636
43491973
7029695
33857715
117898223
52753260
97450985
57922834
98734198
38029088
74839531
10735808
89040341
18277781
31506265
31899440
19282319
71625393
9525174
99383633
76986088
68981931
18231677
39358454
71963285
135166235
42422044
101881032
55375656
125312747
130478203
37121101
134583015
110850504
124706263
41104415
42109144
116806409
141773008
59401882
44170704
79821777
24236828
114084403
29898034
3943164
6761887
69673512
74847706
31519566
46415349
81810569
90134919
85085012
68781596
58730281
86993985
7813945
123575075
92603472
142428066
121420532
94975301
56193432
60432494
25793236
95755843
10529985
99137411
51126004
15592007
15124235
46620381
105218865
102726502
15483548
120966493
77016033
110858443
138449605
96412372
135709306
6534931
92960199
38634248
23749054
108161523
29672649
133696729
81642985
10237539
112233141
91296173
37164198
52080643
39819685
94779338
103969132
89383339
114036937
76408520
133920823
105425114
23026017
47716384
86868724
6592065
137645631
96851252
79797581
120680358
79239342
121552946
114283742
99775654
65210541
1053509
82309815
141661456
28490094
87692720
12633543
112302017
56057350
88999753
126229065
82228572
5725817
79729184
31005284
123588102
86241219
113299650
29221416
96293906
4931612
51969060
42557900
36209907
138565668
50247764
124329270
36121813
4322575
72956422
108611714
76389315
65393458
93470048
72836330
99030368
139621149
44137606
16014532
43474001
95123293
125543364
45855740
69103074
102212715
43477702
84445939
128707539
48385571
18204749
104376846
49078245
132045912
125788856
61985804
60371446
105557825
127579903
112761389
35831216
73249495
134185008
42468360
141782686
84270583
102438554
121447229
16262848
114410186
90254543
27515203
139175021
127302843
28656034
86633074
67041167
96700750
73305302
101737065
40297927
32131028
17366329
114890353
34340569
131433540
7348555
76435949
66772845
71517427
23818334
97587464
79976499
57147852
120859758
81526127
37188049
60563604
49025624
79268065
95321594
46265753
66295737
71679761
11925916
108500427
35320346
92979905
127330714
130887529
119628427
78398626
135730737
70248359
31597340
18728844
119889465
114445823
105512819
28627896
15698093
140144632
15026713
124441327
127003110
62015223
93353661
35568587
49335337
129152910
92500742
61531068
70396834
110403987
58828062
40475108
97558969
74378353
125920917
73104480
120010802
90135444
66393587
96759528
30046214
104303378
132925736
67275977
125652099
102482295
230169
110054445
90342802
63666377
75648334
82080230
74871408
129006172
10909905
35175499
48255688
118611432
81849930
34020000
74970566
98057100
8673852
72802416
58491767
65068308
99317988
71370759
76532351
83313891
133910532
71437303
112809032
70411053
71949443
119420069
11571473
53540927
125656626
62245296
38850613
95934502
38965513
64139754
43023889
101703391
117897755
26806144
90401388
48821947
101025770
48977926
5712215
134052710
90795949
118709512
92014282
120527330
76081459
82092733
41809500
40523696
68910801
99424857
122440572
108615516
89280541
115821604
38333048
51792834
10053537
19466917
139882643
106900965
107479712
107328166
42998128
105999943
118011354
15327104
26094654
130928613
29990078
31150503
82626397
141247060
46563819
35716707
72225030
90110473
52673329
137683586
12590563
111351366
49882656
35106275
52865510
14167442
128963825
112442119
115285551
62584124
50724712
112286292
1715517
103114172
141262585
54424205
67084664
93986435
33538031
11585295
54285274
56929598
82115619
78598750
71154103
21991923
141278390
24839021
7192667
72663653
88980512
38279944
110250938
120083395
95868729
28639441
95233036
55532702
102492252
56031880
19166363
114912924
34123658
112124836
99781237
28401599
100589589
138063726
129618965
57945381
44850234
36680928
34766053
82227997
57938534
77284635
79940309
138696344
40685218
133401605
4261840
6999610
1299235
118238375
82804754
127229722
135293101
113221238
4607223
99472230
12210827
137418369
81070130
62364487
20012745
73850844
48864645
121149156
129900605
26916375
121887994
89543267
119829822
38527866
78981800
55468330
24068503
47795449
13401444
100699909
60325466
96253403
131404662
32696162
17785839
110718384
96833374
111410233
114135365
123765725
19560101
98147182
88582962
127116214
78324436
58335778
124176738
113750678
50881581
2617659
61119877
96629143
135675574
73490341
25017330
110923504
133873528
138830255
99353220
130251914
42408320
90113730
108222861
138059040
109523284
126974880
85589229
82468751
25491119
29552918
120226592
94653084
74743129
112887316
71073370
133641782
73415930
94306699
45116925
9272291
16260669
99462025
92870574
76130800
59236433
37698625
23441311
24447145
120736960
53206482
121393413
66299039
55667626
102096053
121639326
45674240
96454580
20362789
114728469
12908103
69387053
87527373
121872216
112548883
106096921
35445847
2289510
59813038
15526307
106234362
68787352
26638964
137179190
61168
98121857
95920514
21172938
129698424
59016682
49886033
98913900
20500525
7672365
76721712
69070936
124856008
60296781
7030290
17516380
118563040
83635059
37963790
112576684
67609377
109359671
82092609
22040925
6518269
61627214
86033500
118346559
71344020
102838333
21627206
33406584
85816263
112428019
13715846
76006957
81770873
63109080
14555625
120690308
52622542
40406497
5109731
72809892
84434154
16618693
35717987
89315288
123520556
138695247
60598242
87942879
38287621
81319256
138234081
10281461
138072562
50284640
58079144
90285596
80182755
37621585
8680886
106939579
242921
85612814
83411510
129538757
140909558
120131293
739573
98626231
141712457
114352070
36248161
8057587
20319214
55351846
94563973
93651900
87107968
20945146
85330726
41287085
94715497
16147980
93530522
15795621
129976591
92385303
108000958
79856621
32694337
58926254
99608737
68752329
92993610
37217199
22043513
69994159
111105453
105878476
82411784
60071787
135884728
2344622
105099621
29889579
1892717
89755243
13940642
89867650
30628618
135897509
74904730
140651197
11837009
116967885
31024861
47838419
103748797
75583025
45403091
130583256
58439651
17258875
120888424
25562589
87477352
33469659
118067791
54882858
117143651
234304
93823540
114644440
45733404
21270981
17985900
67738542
103550913
39855465
41405339
39128228
48115175
117788466
119608608
35099300
138283135
122352325
55612331
112009635
31936983
106651590
117359772
93101761
140309085
65227955
37401113
28821133
118603365
46302052
99136326
87653956
34736451
130566743
78172449
17343568
45561576
34215675
141420575
8583317
10756625
129993893
7815258
71741339
110279640
74309234
116780169
115577187
127583067
138498478
59344659
97778125
9636845
10350270
123909054
136163215
17526434
35447336
107877583
74816258
12732146
81270790
6020290
37248524
17139694
131532094
48231447
117237865
36641911
66201870
127091300
50538209
11926956
98167934
36191974
80304894
72878169
99936097
113730629
61286747
23203920
16192821
39918045
21249023
64947957
142181977
60268659
125117551
119490278
134029279
93502332
41994551
47035700
828416
88569994
54159601
139133668
11499417
46815463
91748088
8716998
23419732
64244429
110076002
122331001
97094915
88764337
129284687
65625633
129743267
11675940
28534351
9506719
100112779
120408978
109657786
118019357
126627380
105390207
80389559
25992841
34733798
93043068
84155111
20697861
34814020
29315421
74986748
59741105
33638786
17946911
130227880
83621454
126486106
69345991
28727952
19637792
4883354
139878830
118390636
17729908
66015019
9596497
67716906
12915945
119707610
48937125
125470535
1678275
81904701
39501136
16143276
87238055
61340265
84488670
47407626
87665729
104841708
23501761
130453311
142344317
42182525
39377972
124322312
41888827
83773318
36797719
46896961
70667694
52713599
92926865
102458764
67234945
13398279
37710250
115711412
83121238
18102896
104512968
3435374
24719708
13189725
16073404
230326
133854983
26711371
101764626
122473970
74710317
141368648
65964178
18758446
133338433
94246382
97789003
96022445
65178767
21449998
11067605
495178
132940254
116634436
107798502
64050091
131396587
103706057
33437981
98036210
43607875
24805517
75576517
61955690
26770280
97886398
94828149
100715671
90093972
18102472
42958254
54029651
30292145
13219621
25820087
129917466
107290265
90083915
71306110
112568846
117975889
134260473
12725240
71036393
119132467
18989773
33267758
136127632
124885311
46229523
4035167
27527098
127813943
602312
138309928
35661127
13446415
111594100
31900340
126382145
78211051
120672595
88667400
32971905
82345551
128094449
119474010
138810986
25629222
39552055
38140070
103425303
84647259
43839358
74582306
63631750
27746727
83506787
122373269
12766784
12329292
87823047
89634823
60088374
136591948
48889142
67665242
74994281
107842938
52103664
38244553
113321309
104386046
98438834
84110753
45635084
32773474
88449184
85939693
41759212
126611400
128532381
34256907
19236259
94616427
73545232
72194563
87862660
46495539
33196407
60132462
71036667
35673932
77646698
57179583
110632475
39187452
79595685
107054952
96642918
95133524
51175203
1144286
31467985
59397714
61107045
102332975
51578997
124456938
103241954
93138428
16642876
141232137
19621712
4363457
76150079
41543626
104891848
52126011
1484148
45443577
54003652
14843329
59638225
128616587
771719
11556908
60775233
75867540
115509823
47034811
10997935
39882444
63249394
87470884
58151249
136158153
126968590
95171083
12585110
114269602
105153368
102529291
61262074
132240407
96927552
135321016
135809294
119943241
48849510
71078554
67856822
16804446
63352497
132586994
19904874
101296240
116372262
124323186
112728234
124471795
110212223
39304410
121251549
94602958
92882903
141084002
122656499
31969919
2869892
17165737
85697381
128440836
138099149
33646417
108101748
4722649
40330673
26347276
49265158
50707276
11175279
121476366
84913654
141934267
119264992
2487141
118929027
34508034
80727812
116662489
54574235
43086389
3924010
17688736
91417419
18303437
4164439
42530586
56580525
79706511
31718228
125518888
89284435
7191364
84544654
38393915
62613690
16779951
88260072
137634898
90563664
116566550
29467201
39260000
14198898
14417361
36459731
68627095
85954497
14908463
22326825
84248215
43053622
122721850
29523781
62942804
24700520
76097773
65212247
45710176
61519114
81569286
7963964
134200941
38394899
98367049
106239078
15926090
135152581
84478138
87088035
134867267
68375070
57866263
96013870
42524003
627349
108310993
56752880
118625905
109347031
22795984
108318908
19470448
116671529
99220736
108277029
116405123
53714816
71091987
136423378
85102764
25389890
2641662
124042026
17168073
51813555
47937507
65904810
58724231
99834781
18985911
28926235
112991940
97924986
122663988
69439146
5065225
135791933
1434429
86507870
38037832
37213199
4651576
115303272
58308741
88955119
95987493
49135407
77399157
103020279
31997092
76798383
50918155
103742241
129968745
17590145
76372191
113360962
141160458
120435097
44445004
9687095
44947698
107163258
72313597
27587447
43031779
108866552
91664009
61520376
19343819
117014579
20428615
1186691
130528101
127107167
116357641
140893240
67952919
112932738
91986591
116225160
112487125
2471118
48925070
107537238
43562254
118539273
123857760
126501325
103922137
132614754
34424467
33384156
83925852
129979590
118352761
99680770
111366157
128225928
6696585
129575266
16207363
125847479
16174142
33608164
16022065
47344550
68370722
23130068
98430801
95335821
103348019
130699981
85741579
55239087
13201221
2076213
140455966
123488278
86117457
137038952
37949840
7696156
15685363
61246666
56201067
133550084
99759576
129856530
31340517
64144827
132623466
77802915
140371223
19325144
16302742
3673346
10081466
22994645
135525317
141572511
88935209
10047481
64087996
60895034
46526694
119935459
36409669
136877543
116764629
129393317
57071628
60420048
129007757
68286406
101524220
130991648
121776645
112395286
6933286
71611905
113483179
33974464
58100824
63869010
104810721
136718195
37663224
74022105
78507048
90627536
84502169
13381123
95975835
61803293
81525436
112061178
29613524
121363800
140659336
106357437
4225871
141808205
135494736
53945792
82644746
109122076
96890729
22052162
90579934
81890271
114336722
108885915
117909781
36952963
60947053
96888422
101237735
91529255
27577886
88442067
78655643
4904673
116824384
48952506
3750447
96306125
3170687
105316152
52417718
6754668
85067839
40039522
29518619
89233383
109857359
100261182
100839322
118420067
691173
110594657
60702375
77195854
37407111
134621848
21476532
36111422
32240053
128480499
122587708
33413979
25341430
49873473
47909125
50750654
19860842
121624517
83299768
111952285
50469752
31466815
126290391
17007439
45991751
117046521
71022760
92342149
98954207
66247052
2807180
116661055
4226990
35232532
134648874
125826318
27557493
6430954
97932183
98796888
124173840
13853005
83284013
74346830
46288074
39215700
47587432
50668017
9748855
50373510
129119090
24773114
20729327
101977649
64333354
31893504
125086882
36594355
35565163
21860147
105200380
18729544
69344847
112462747
58866828
100576625
134316585
105838305
28189555
68324780
36034193
73780361
14971169
27383944
26381102
92873611
12737199
112978435
120284895
134309562
77187176
127501729
121310717
130000821
107673017
11371458
123051004
113450889
90540437
15350277
138556824
83418629
109277485
8033491
49975647
51965294
47117557
23885551
68731493
36113584
101028248
132985320
98865756
47781222
55214292
31493754
63479831
79873096
118701616
20210717
70829107
7627409
33086149
24370042
51523647
111346462
137131424
133001203
1042935
116185036
30252582
113894973
2682058
73264728
32873164
114281565
98744542
54257383
109642388
97862797
130319037
118622465
130798983
29453063
75837900
73462522
126629557
115633523
52083718
75575333
50649733
60596695
58096699
63297815
132849059
130496816
52741757
22425706
64604595
49083918
113063428
493185
50289919
991004
118117975
128030601
43776509
26140525
47503453
137015441
87468263
61840976
126218648
75502213
29146290
129451829
95284449
123320271
15559083
28848069
41438096
22804811
57194261
21209933
32861478
61363397
88484250
33897272
72742548
28549120
130435944
73727201
132958679
85363944
19961647
87464807
63105422
124786576
60814339
115965957
134148769
9187053
105615373
119778436
132694468
128341590
128266447
99548802
24839442
38995551
123361340
90116353
29773049
93883985
105373655
16079812
122461842
54431335
116794851
51222613
122603773
49764873
142226249
80489520
52727739
52132931
57782645
43459861
7629413
63933950
125170862
101338835
16725431
56640909
111516163
102857568
71806663
22894873
27801492
140852942
54851639
116407632
40847458
97265297
29864087
8449934
17967304
115302478
814675
115798884
130232254
110108245
62861514
110935101
39515749
106462211
124843482
106264374
139600267
96389297
47071016
11638069
65507981
130497963
136331110
15992933
87694042
106733895
31964089
42716226
21597711
65801616
135788021
142143305
59832372
21305088
45871762
38540226
71636918
83163209
102942038
100781485
57484936
42659811
2764328
57080688
54093053
25608708
102504471
6338284
31217507
139008197
51049051
55777199
75023723
53791365
110784641
34367769
31232686
26126094
8473096
32573394
34721273
83094299
44302195
96919921
82718372
37861536
133178328
371408
133867706
115888024
45324981
47571449
122622680
107058195
96934202
34973175
23754681
72689411
128781332
94394468
87259267
73255004
51830179
64338314
62326016
73007312
113186488
14818889
91614178
93571378
50059367
66134641
113877580
80802991
118790765
33898408
6162328
29203427
62715747
142018707
53872916
61548569
43294371
86056995
102976052
139301753
141791496
97829437
82483083
93183576
114058541
63801698
53623949
95398123
129631966
139749655
10461291
45579963
36524064
50616842
43293955
8934646
2989488
142166719
20458537
42331282
2604596
2095294
56885979
107851091
117604582
49240356
105158239
76236587
47645178
60274550
40743909
59873804
134212081
8322595
18110679
44148158
25891315
30607791
61062450
47041485
95540279
81798871
36140679
31573310
15913934
78436160
123900342
54267939
112933699
9711778
96523839
95402018
24731176
91177870
26731285
3979052
94621295
83956310
90759931
69897311
40921887
25276489
115028333
120258671
85887889
41807643
74094443
5259651
50760032
18989909
58859677
69309915
2642753
490811
108925448
16864147
81828767
17668683
66899098
74564891
135094589
17062584
136963600
10751658
7882176
19526617
56546643
34696590
109666404
45514873
87153696
92645086
90426371
57231536
86499657
106990939
34593792
90402638
47769173
423794
92332181
82948136
91450392
140141293
138858951
60499009
137312139
55749026
21782028
22236550
76349919
51898855
23185272
119276116
125040946
139668332
42930557
129173658
9693334
42372920
100121590
43380951
21045880
51746385
39861536
26027368
47012128
39817255
3219318
83589880
82709223
39876418
15657391
127698496
95335060
122894123
141050630
136641136
86347479
94945054
26195311
67665812
40211861
23569993
116937648
43405789
126543436
116084393
112188013
119613283
88968610
48283518
34771266
44552395
69151720
137565555
75764436
66758277
41074672
3391398
23793179
54155618
37527972
31576281
86347757
31603930
96178236
69348762
55905218
38345289
31840935
17795033
48820780
100247732
66421472
72930662
88644182
123888602
52446250
111745354
30414317
1473160
116989241
44939837
50541645
100171233
54046883
60950910
92076034
71152040
72646443
18170803
30831194
103351287
76548540
62445192
114873654
135994616
133887741
121641264
66093959
62727186
91451963
27161786
87161319
117163742
48517391
69799403
47263719
6112113
79401882
107282532
137523335
13925946
105220768
88403538
18538455
52041756
83760095
82886420
10977473
81415350
118652893
112302007
130199663
134882084
4310004
112271829
14753773
1472133
93398793
78246027
55995766
125117302
96577597
68431835
118390819
19869572
68672928
120532813
63999799
117523753
99937280
26252888
128649752
31736649
101510566
124286987
138388837
84775451
134503898
82357235
107508914
5800470
55294336
68816517
8581700
141492445
135469853
130209770
35214115
122060668
82974260
114118982
10904782
110679472
14210817
124116992
9957695
85098361
84580258
51692765
84615725
14217475
118745729
88137020
102782588
107580554
20547969
78064816
69225997
57296514
106763097
101236776
102090600
89819186
85832076
5371256
6867597
74542531
21724189
43708275
63083532
95185553
68196262
105425041
135790755
5371101
93464833
80358420
97670409
45127241
39751786
103464835
7615259
68760431
107802336
41704059
56240852
45726007
141289984
129500471
11685194
103513159
14972188
15047604
134112652
78686517
37273399
89046671
132989425
97507318
57573535
33244168
92843063
70194458
127581031
140134509
121506246
17735458
16009813
38940871
94083550
96083423
19550738
126368119
4707609
91401521
7658518
23623188
16721464
131663025
57361144
103747888
103995388
137955231
32611279
82865098
90782781
98817070
101142385
91204790
77364367
139277928
59579544
65215006
123242164
61859408
59894779
26240479
15969446
43254718
138000484
120169645
57665274
72963156
100322225
121928205
132550854
112633978
8025727
141526516
127228302
43354285
116655732
23886472
67334365
87879859
97371661
77455519
49780463
95511335
9424202
90381427
1535129
112548251
119707258
25119212
140334474
73944342
100094762
131578590
72540615
120671311
62054015
71084312
128168805
55005684
73840829
66179672
81067736
56951806
115199371
111418639
81842146
131982300
64053955
100736785
139264243
62477900
40656893
111802084
75536562
86801976
76678507
76988941
34939780
114425805
103339321
116403499
84186023
140987736
76123992
41297247
114472199
4257979
117714678
10471066
57118259
75656155
24378496
50405875
113795499
100256849
68896342
120664599
93212998
7686058
140801185
133943816
125123122
120095637
83012026
34208020
122869892
81246263
3889704
100022513
141074749
137567393
108836330
66201749
106386263
27707442
15448621
43691003
73059824
33726380
137740450
69954393
61332869
115814132
13476086
23329867
123814396
20759992
137321650
80635709
128973314
18802476
102384012
54344737
53085943
117470452
73024300
128521627
107606206
103701413
34390644
107481928
91362820
8287368
115856064
135347796
96484576
56562475
109684252
9591617
21573720
25624293
4264807
100901664
3649107
18262579
116820409
5096381
22083933
15878366
113820557
116106398
22496560
107517017
20896769
58938080
71999129
81397085
49473443
89737408
98080912
748014
90893900
69953654
99093727
89488053
120378357
69240146
68656573
48676285
16896741
14792361
96952258
24298954
22157865
57532744
94951729
137744802
35442441
2863265
59057916
122081043
133461751
12905449
91309794
139297467
128825158
30641533
124421490
101034881
127750520
100022795
29368223
91593704
128379477
107733498
117859770
114979206
116905978
20744134
117748059
62290396
111763897
71581288
120776088
98609058
55259658
36229727
59669265
80458455
90652115
78789513
127488859
127219944
57817053
121446069
98623730
102382857
69097019
104670364
106277262
90627288
89749604
8538174
14125235
71306696
132501462
9709807
54143243
112420330
103188393
35793784
126859000
26936473
37980620
124792007
12399556
15780957
101406373
101372973
8835073
77918889
123826131
93029303
60884718
94544144
131908191
11474520
2593286
15407004
38800318
108780243
73427429
29169058
99224658
4601466
5203264
72067111
119680816
121265866
64233626
6557135
41657821
59255184
71659448
80125554
100164732
29724390
40329531
95582490
50006440
68632763
122126498
120431492
132398202
48385214
74470519
85590667
35966507
75232063
140500519
136420024
20915701
51450804
38645842
37005580
67117403
1074226
50809462
101033549
113547467
142258739
47594591
24001678
91542984
19897066
76206744
15175028
71356827
51212448
76965928
74990234
39936758
42741845
25261910
103059028
114652699
130816511
91542335
32988961
47898125
84515674
107642842
142165791
101934465
97811342
70537406
91063218
438276
122545360
119214936
104615163
43477769
61134302
90315636
136843553
140786625
9456851
59194752
24275946
140912773
26962287
15821508
62909863
106042420
120882680
25618584
17026631
3230317
140870011
71167358
125696232
698659
130463595
33201033
66264769
25508210
133102365
43694897
114190937
100146314
37454396
28155623
135514874
46862184
23237106
38102445
124932641
37309589
11869567
9550867
9238104
126992775
25167480
3795838
8277339
30710648
1342803
123585581
3616868
139786671
123005862
83654474
45577644
80154957
22873496
101059287
141887141
102165465
18788653
116920321
21690466
40352740
134190262
102991428
133042920
75058330
82416448
11121474
5451459
38045550
83440180
114407780
98062481
42717643
73539444
124053750
120738063
93082804
18524634
10520785
6882134
31619854
125311481
5435909
136476255
119417825
115149767
44093788
68677259
127097416
64966045
28989201
117549219
42818311
89769768
38000121
111605397
33210604
69857444
41142803
102346403
29847444
15894042
29300731
71952221
81568064
129752792
74088786
121194621
83883018
1040892
28638751
134316716
77560967
57029481
84144527
11892898
27313574
51009510
54374429
65611624
23806494
71613487
28897742
100268421
68014630
68795151
125190441
107983684
75985892
105364881
72546528
108947513
4497869
71623529
139982892
85209339
62566363
23362810
140381135
93447066
27756102
7324990
54456627
40966940
121320202
4595356
112079437
58552612
7842388
77935067
35126475
85782573
102695192
12280231
113479902
57248501
9909811
129680783
124359234
37424427
107691266
72595347
33918143
66052986
54053313
106473961
70124937
86860857
98788367
117910343
80055582
48995879
139981807
70144446
101148250
37374363
113395505
130194730
45021480
23549038
107850530
34128627
83540417
7857305
88148961
37898194
68413004
28387683
142332593
131890646
94536232
36016747
87554469
100058635
80190414
7444379
68885498
45858056
83612546
2507259
30956480
95487789
12373803
131390205
126808590
18716126
34174102
32917479
105560072
40142355
69238488
88481472
27164286
33947710
99218322
116985016
118595718
116657066
115867575
117683594
83052376
137618175
26490937
141422572
51890699
64951753
35194603
44920685
98358940
57505577
121925800
24876740
91146006
84298500
37659974
69963835
118628409
80160053
138113896
14335938
55877973
6681157
65430299
102657363
95304670
57814006
2996605
55398194
100329603
120731896
61924014
92748027
54795583
125071930
22174547
82176030
88428110
95291000
141931894
120182336
90868699
8105057
31051182
78922712
56880110
117157065
141343296
137078011
125713492
120480241
132145907
80212287
76109602
136442786
39779875
64563806
66370086
130212592
112037788
64387313
1790150
50796433
50068354
3727568
29472913
5957816
142073399
25331864
77659321
86627669
67833255
109217786
76498780
110522524
121976447
138140237
37347239
85671542
24336749
82773347
55472021
52331564
55507721
50691774
29054893
136335709
40712320
140753842
139476957
31929244
1972513
21691697
27751835
41941772
51160991
76409653
27854671
41599972
35167380
34602623
30947796
104455138
72666008
117639341
36728801
53389163
2105466
105737977
99712177
846647
86735546
108374266
12149154
92748719
109355858
19347313
61836835
90823472
138059156
43618103
25721434
121208213
88493765
122704680
30671231
97272553
28488748
122374396
86071827
106783016
123642365
134230531
76413893
51974486
38182692
32056631
93993216
43815023
91336045
80652755
43452270
58955161
120388817
137876483
133563346
57487865
49928
75134869
32062712
19852570
33561925
25043488
1234370
88481876
48540190
67162826
76797721
123800145
96993474
56117792
46567746
52463107
96263195
67351789
109802727
14469758
10936405
120509110
140122373
31866394
32977820
42912720
10890725
96349609
10210709
136401853
63545907
9691438
72494845
96672008
97444168
61849905
75074505
21290911
39749835
95648313
89885556
12176244
93182231
76609587
88620925
30933765
50671787
82674597
39980904
52494029
53904578
90770539
67938240
108423858
55554272
93961511
59134774
110468225
72485275
97924571
31761710
46372358
1677095
46772573
83300604
20056695
95734270
7069747
3498609
35254870
40153780
84190828
75740482
131475641
22886227
129999984
124355781
34360692
17463235
9655581
29890710
101101339
64547732
4510741
24524384
88967913
108259909
124540340
141895354
40663282
19164979
6658929
103554736
24063501
27284265
129365868
47032159
79380698
70107226
110728476
107324500
64342546
122650600
134753482
73570970
127539766
5244763
48388658
57330963
103193588
61334074
110437472
44037373
9937452
77929949
47769110
139354564
41166322
130830924
74902831
15315594
90280208
40186813
14383074
84427683
107372875
135983226
112763505
120855917
121571277
17904632
26767200
36312535
100689236
4193084
118197087
19336893
22704978
119394765
35623012
89587556
35940004
61832555
22850551
141673850
30858221
28181934
49749880
73758350
111201361
100110794
111509432
87276218
40260421
85400670
7423816
119449163
54908980
13776351
54593433
49302289
13546800
805176
128044065
140467270
19579699
123275930
49311211
3873034
131856380
65494441
11313128
47316113
37872668
90459356
39597894
83844936
44718780
134297173
124269392
89792074
71147526
29234861
59488150
3804111
121548999
66540883
30351895
109210338
107966330
82103242
134261042
53947379
14252487
100014756
20313328
21520822
9957137
8447815
1280538
128004624
137179676
28724615
32226713
101650089
42258413
114197535
88359210
29233217
81329164
41766996
21951546
42508281
129028043
40551347
125422709
142105858
108935333
68342216
84580693
80681265
89908518
10147559
99421976
67217136
142357865
137180612
107194118
108453779
20947444
48866597
11940579
49983291
85932424
43580053
26047046
56835143
59474616
81150551
8081753
2838689
61160942
57389348
116691510
93488442
18055477
55419955
95188093
64089824
92028246
100114414
127577570
136482190
98307595
89186645
15024343
96820845
22564263
12846167
51405856
111835408
91020497
38245519
132523344
8275394
12631447
69784592
69611399
30796972
16549573
116476441
31576782
106562636
11970205
78490633
32031912
19662928
135460068
85429143
41866258
20122083
22332656
30904698
82478380
15481377
85402500
124021344
133785352
122032519
21940280
96641995
43859278
84626488
9804081
84713999
75816106
116449081
30220561
97276187
59993107
119702401
87552336
37303219
1027626
53981410
138196212
94047794
105409637
48401069
33773587
132033713
128366862
47697403
102411295
101801629
30775575
23976557
70285486
27985047
229807
104568145
57218721
84716964
70270079
84483427
484555
120841111
91002033
43673471
90394581
91467553
117488360
36135727
104881724
132683466
86927679
61518152
115403250
7432045
92790292
48638352
73193816
51336812
126424662
44248133
15743265
20263375
91304394
80769894
91686454
61150788
50651876
129210271
98876203
141202059
103634474
84783867
82543781
125455469
140038969
43630624
11706685
39006152
123053379
98723285
38767950
62698131
62187608
117580921
72874817
111262060
49929778
115163806
127942702
96788069
142346162
122588387
134988446
81805172
124743824
36178507
10404201
127189529
11189105
105195383
103957530
51870430
89389805
58771497
111715019
66660021
86291607
39948845
55105517
32079800
25546549
96189202
40387549
95932983
111625873
82962042
120672340
116120712
139363016
114221936
4423839
62405762
101712435
97481341
109002193
104383253
61737570
28769511
10349957
124581656
71279285
86532771
73554726
129539766
21576685
76824004
127624061
74826562
130543714
132323147
141757856
122841506
85704077
103920005
35665769
115496065
23048633
73197333
60142922
17715311
105031233
38256256
9791500
94150471
96778352
82595029
38353369
45454313
29986996
17925671
129236616
111725279
63912252
19138477
48796681
47104269
120682506
107876999
87840590
120726550
100900329
101659505
131240192
103796501
37571237
135289457
123761088
141496366
124639503
109326585
114887988
104786700
38307670
14043203
50044836
83987722
77483187
46722887
33608085
44163312
69930269
42596499
123984826
105675704
135261112
13313802
78920609
10871782
39290444
131929409
81914689
124224785
26678305
48182677
130348050
125084529
95484521
10415858
48062870
14988418
4872882
70492282
69918931
59234696
57261890
9437355
126780003
68774706
135126112
114204430
85639324
39930241
136759848
141581350
114125718
113497293
73899922
47519738
17718430
65340951
133176618
24415789
15865242
76048990
11417461
37970659
114395653
77796598
140880850
59541795
77981288
62214965
66265530
112344371
112982989
110132331
31092998
2040122
39079290
103426053
115988113
136478664
52306927
54867992
74317050
136648853
86923777
23506974
14656128
140199015
20964170
39961041
78275733
136970561
58107576
60546984
1726290
15021819
5130561
68593644
61998067
36577224
114672900
36173264
3913639
21381186
125757503
6378117
45086009
102197653
53629005
115044118
136516330
17665940
52027356
94214912
11484207
129847687
91932335
33633804
119745598
110910177
120537106
54682595
82878305
76403076
67912744
124926491
136285143
13789551
130053469
93546165
103724384
126503281
75695028
57983419
21762801
123345058
86289842
36498662
1701869
83428925
124909684
95831069
37955794
84536947
113143859
94068081
82561409
32118815
79254037
70450500
121516655
142159936
60549556
96394822
15000678
138925357
99849460
866393
79408517
43707353
38794391
52822210
80514853
29176711
81336794
69419619
94635413
2511629
89398068
123025291
6241617
56914112
876631
19885406
53826424
86543879
122088660
54941649
119510685
138927612
86236991
48570466
44338893
30867018
43113553
68513859
101673063
135680131
65087966
69135772
40261210
46604709
45717217
89162423
29333174
3961781
53706414
30928127
118591802
71910013
114711718
33653440
21571979
38964148
18601265
33734284
56219570
48079720
116906904
114678213
45914095
45454938
126096623
132228155
120911325
70018248
79633830
71902003
87105992
34446395
12092954
38088521
76480154
60023876
58447697
79919662
100424208
31608952
141848388
53016665
103760660
55588855
125195837
110425787
80893734
139135350
106769909
14045890
80108328
41051784
135389344
47204685
126248485
123451185
15822392
55293074
34465012
49525901
83772729
43801387
56859796
113407078
62193211
136191973
141942808
39415778
61061469
23242349
14656393
76798252
30167097
133817664
30270200
132144807
21148143
26113145
19188351
8442041
11827062
24912666
142456023
58453645
79184188
84734741
127531045
94335550
27512670
29092348
116795315
68654727
118728296
32222477
101068291
65800700
24721706
69305224
96267036
51862581
81215829
55179271
79046175
68918980
50066595
75578463
29812907
123587907
3639832
132658166
77335383
70401542
101010463
103045421
59461559
120402855
110488779
45704124
86177928
89109447
111083622
65234210
48897748
57014834
51275001
17602816
92760184
118742520
122532985
80383700
32586169
138559145
82198454
127383094
72143157
135640510
107542981
133903904
16311563
32480633
81473753
32040238
82788643
133481198
16471696
61732051
38993814
64825245
18732509
128398192
94145179
122475253
74318132
126269661
49078659
80376775
7019689
13447720
20293815
23987517
139149751
11443235
68074055
26873143
65910194
130532346
73467713
4099114
3876155
134002712
128107871
113947731
7427654
43743064
125627237
21560157
49829658
91961766
118558480
111698341
18021595
43518662
34933526
2978492
111935471
68985908
103702074
107032793
41873371
105199975
20322481
73664736
137347868
24056502
126763526
69871078
50374938
26318350
1845368
51840068
77319007
81355882
39479918
86711318
69725399
25266604
97281252
13498393
31841087
56962081
80892984
49055042
92593215
62954427
66502949
23731773
127510370
67955998
88738775
53088692
91992860
119461584
117031145
55197721
84371558
27847318
129957620
83146472
63853385
104669572
70710134
75824701
104102895
103541652
9922403
303013
94896879
18150397
135211694
110896346
13528539
25762105
71884482
10801251
134622261
17807010
48380764
113377196
62494076
78915466
49133248
74162246
51206850
142369992
104410718
129575184
64941388
119093325
31086248
19132021
130077548
39780301
103208648
42008479
76282478
141308708
26239858
141241567
43560698
19844561
87424960
134947168
90808140
1913138
86925644
49481197
65652319
28637703
98186890
1187238
31989735
56274712
125532825
106488619
10784467
22696053
125443728
85274495
135397807
115550205
64250909
117065025
16120032
77048296
15525919
33403491
11594957
135676027
99306028
133854282
20132045
5346838
84904440
61438158
42190607
1143730
28880921
105071964
27998421
60516626
69584099
129959338
1586570
85901586
139766625
71588286
138451118
72642726
28973383
57334064
70680961
26842732
77654027
55212549
30606728
71635822
23642835
36465131
109498494
76569875
102933198
128080561
119131148
107126294
44419751
51634236
16268664
28611120
22807254
28768240
73488119
32550287
98265779
17686864
115920114
32018617
57866314
92652832
94400339
91001140
141095479
72395472
48197647
16062746
18019425
101209990
117293037
117902534
11801279
141510897
92471565
93152545
2086248
57402210
12704377
11093902
141780635
43899792
82216798
105431298
118558125
128250525
44026734
2583781
101587570
17007443
86877587
64609085
52855989
58101563
122706044
114132973
64073282
74399918
93320822
142366327
47636434
90779806
32261891
98548707
19218807
87599806
40292233
679422
46210014
43072986
114354964
37439539
2939036
13235979
140582594
57514177
74520930
13758285
65934945
26244154
97642222
15722983
137392529
69594820
8066606
83346092
128078712
83600444
93949903
81176106
78442810
137519410
127829162
11535404
87612342
15147889
8787788
44277891
49338328
134483932
67169502
74927547
98491733
24066696
70356967
8280019
20803556
89505491
134297195
14617224
81500436
43849816
22151716
134108901
101893817
62411687
35036434
136665516
84001614
88679768
58220492
43469273
92297176
97737338
21279140
35203286
132536618
64204275
89903781
114257431
72276740
57984762
40539887
78391933
74392465
128059239
109750310
7316598
80615458
138772988
23238578
112415278
78758303
4345477
115843078
15019848
77070871
65080988
84547687
51544071
24861651
27092408
81343616
84977142
1067390
96377576
34261685
15980685
1393423
47207357
91241437
61861941
105383909
123339854
84824562
88019911
113299928
42852789
43543446
52523675
118488557
66581357
43359390
32964824
26664688
103526501
125247359
91388547
105998397
90469270
16024082
111205371
34052000
6307606
87837648
139511800
82734890
109927133
1213057
90806967
131530044
96296702
73244758
93691727
35335724
100739273
58206817
101955831
26002289
72983130
15612710
88837385
109040496
57673281
1563139
40439823
133023935
30710153
100371582
36330239
56127169
32455786
82135165
125968699
114719627
71884708
11996708
2699472
139222130
29066645
93563618
43127873
75272212
124183239
124857404
94758835
141325380
15583400
22907239
109688356
30711799
134243691
125809408
87131842
81710291
131433918
30914924
19498569
32815119
36401601
140968041
119962907
115130400
20124715
10624647
123001606
110164603
38267736
31637860
123478667
29197275
92624626
16873602
65350472
1165338
129235708
81221270
116558926
111580712
22088523
15233684
17304888
807799
413028
101868746
126838835
109536998
121800511
71863554
43888543
65271788
34519422
87015324
78500032
95904003
22643943
24205103
135704176
115454693
45246385
62144462
138921437
61617820
121472075
35731634
93509184
75363385
58074259
80943561
8735862
40112481
38185051
68645886
12013545
14141952
68184858
132331558
91852772
33984689
103151112
78018680
73372782
130720750
115607947
96728721
116944704
44247741
114803081
99460580
67380310
87375362
89395586
311547
43135557
134132140
127663526
76608886
48473436
105321705
52046047
70163788
40673183
27544399
32531784
5710947
17896561
10599339
10272513
137352250
30699451
46247646
83953028
123742110
73117272
61454205
44132277
117106172
43296722
88158177
44642683
117663229
107701845
3586430
61263610
125304289
18552045
19490224
104564979
75443727
103444040
71738077
91475997
103975314
74845622
86626211
66983676
77891491
119449918
66864491
48210002
57888518
31224289
66520125
32654397
115908019
10746592
132927997
88619867
131528102
33652302
25386840
41515424
31701455
20847463
107510453
115409546
88164862
67236885
105202265
99820815
55970053
28610813
84554441
50712960
25833600
83399121
40674157
66339151
54099409
21367508
102679803
90887511
69855008
87281516
58749285
94144340
75392617
39999878
39949863
73172497
82515153
98628646
115167538
79317823
9359171
114354978
15051300
117883202
37962600
135413852
67620685
77078181
28464138
26016998
140351953
24030012
12038457
8803847
114488216
87899471
141557172
18685883
98747755
102921439
130369251
60167759
78964654
135675623
136854904
27554753
35391440
135752472
30052966
123485466
35607007
24384859
39186354
26413884
42906445
129100157
79386502
100973258
58716391
72399721
84051224
141030731
22186124
126858545
105181314
77486638
8040091
92688126
66258086
47203083
23780418
63144168
63669820
10139887
71041123
105267575
82719928
141083720
49272579
51183209
36185714
36088374
43865915
129099159
32962916
52726145
57141881
39081616
85755042
95284904
88037774
120898353
28110322
62336318
40120302
139703075
30258306
60774029
131187235
133996715
44403635
122257243
107024477
41318851
38932958
48579800
49445501
71619728
88988555
95215342
33744378
135745717
59755763
35738332
140678597
39064405
100310674
26615437
124012044
58134255
135038694
129085256
128552991
101893207
55336532
54682093
141304085
7312643
45820649
113113004
105864867
112624474
129838217
31191408
29608942
121195601
77377613
54812225
95231225
7176156
83202265
72085229
67242532
116583779
121667974
48712563
97485548
89772683
39833553
94159832
16037264
139885696
140754757
73502757
26824477
26004377
65953023
115519826
68317553
53680194
108028927
13141322
44433250
78376262
88110785
84336744
54105927
27593342
54563600
847362
59911103
138764128
17510838
65185404
37449739
57741871
65427975
130679957
61382316
59045872
59001043
59190735
58224399
51299959
54752857
124918111
101575627
109957388
137721383
135084225
139759180
67646195
101999147
54015834
77431901
105528616
38800602
42617706
75933011
80998112
16403991
12510618
82162375
47454661
59355812
31569374
54163580
73306612
61028917
134046439
34903035
85582537
101613012
67148812
43187784
139198871
115542514
96639383
49105375
17044329
44610961
13532967
20352134
139659471
107473320
13833712
68462252
1689600
89497773
109606491
67409406
137791307
36942459
19566612
45118381
74211088
116782939
49804901
120403020
8517429
127992957
27169933
47037064
45969760
68198575
18707903
45846277
109639192
46316041
53026662
73640952
32848850
69636615
62491723
15232121
78263947
123328184
139462094
68606919
98016030
87903675
50301733
129799740
85265002
16876055
5343879
29540870
99569339
25549982
115201981
23769172
36571367
53413854
131623943
129990462
21158482
136175646
66937233
50559550
136723996
48012710
100981086
106504393
26330430
17994052
113305289
95102401
46438190
9808760
13506203
51044798
9421112
97347111
69042836
113780117
133503007
68963870
77223060
68023187
42580387
78626574
24626691
82492837
2210210
91617266
62277862
99861945
70077767
10710762
95482704
44203896
25498370
114593392
93945234
133869699
62533830
107866501
60435513
142044216
45756119
9916865
101523507
42977680
23090493
58197610
62165273
57213531
99309786
117595647
24654261
13618452
129901098
6794243
130105225
73362660
99779405
64570072
115332996
81515255
141529449
20380506
101675574
102104634
135772877
61950050
83156622
121621363
66835786
49610117
126696594
95554894
33529509
65019624
74435353
44338642
10520020
111598421
88965791
74514093
88250977
62048826
77609239
137915017
136206038
81924521
60223482
93350263
70515163
85894090
100326566
68946975
46129044
14035158
65455483
84022137
67701883
101285087
68519803
50322291
141166480
137217972
9171866
43204589
77262460
111553769
21933931
35284607
65091539
13356118
123281154
142024804
141520629
12592427
81929696
54044270
69997064
34883946
120438029
122948036
120971329
60452360
54596791
13859635
43389265
6620781
49267088
899031
119330600
57520610
50247689
6690349
34811514
118800259
65863903
102788383
22330924
110388596
41138859
7500925
120891815
56823277
118967192
110318666
132059017
85382416
61136699
46302582
31325823
104497583
74158682
30543627
123990518
97866783
39003640
8574707
83949617
109982292
90785350
121197997
29374939
19187898
25220315
15709274
131517522
73331581
36723448
106360702
50328928
142282410
102041361
33082771
72431214
41154503
20965804
39863506
13125864
66321449
12969765
36123691
46666003
24570690
46864179
8642979
107131173
134679158
1076545
109518837
6734016
139697547
22102666
113695117
116495042
73840745
88164548
3263428
35422064
132796355
51622249
27572899
135241102
12404943
126458188
76456939
91775158
92129428
60488285
142148728
133252311
1655526
12228804
6962634
126975553
43496207
129911493
62742815
6660542
74956614
99538210
89897300
375449
107743633
61179327
71284684
109694257
93265903
25952883
13384170
72249339
94244962
28142759
81135167
107211105
68491491
134184796
66546927
26163704
608319
138365780
102721378
6678952
68991467
18089906
2476290
88879877
44318358
74286792
44441284
95105987
91898915
123968436
105950688
104392067
114367860
19381333
142391834
112083774
86058116
101926940
5505823
63246489
31183067
102212513
17822595
96497575
136408089
61597617
102100388
77861025
134623431
139922556
125819717
50104107
103300577
78056941
111815859
134351539
121472563
119630317
37854290
15439922
40029310
122827676
30511828
7952296
90035738
90851264
139004328
67323837
89076387
121013343
8985428
88681894
141528571
95906712
47799028
11114501
5897540
119078737
87756612
55427335
33598328
14739519
36203258
36022352
105439382
14217685
96363456
15894830
106840813
110829151
79332658
108273043
111667443
126082433
19025727
101982129
9519889
120059346
46121868
80583387
1376538
15163123
5056099
89513630
16405015
120169453
19362072
17505784
33982462
83367628
93765006
69354039
106490158
141263225
11099815
96912241
127098592
42844457
59815044
37420600
77569855
60402528
76360564
117058802
34743068
45716180
10207907
24984550
88074962
138384284
56720510
56699596
91360836
31665195
649054
41520531
1001707
1351481
138261794
20145080
37267625
89025717
95682482
32678052
53375253
66584046
84061592
63723740
95234057
75384891
66805194
109489219
56821315
107014125
1577314
87904187
89912374
91497151
40207401
88101910
33350772
69593294
25039683
120675225
22148782
82706386
136176344
35293110
118625238
82102283
74703764
112618249
78231262
1932774
121545499
6479495
49310915
7378675
59398938
46953857
10146198
136435630
108493335
97500134
84877567
126814277
135455536
54559085
78027293
91635504
10104987
34062436
111289035
34417790
32614467
21855897
119897892
26958678
32902861
111239771
79947161
14010763
47582711
42557195
88860794
116854982
31448191
69823568
47002562
66896733
85681532
123819670
5091786
946815
33678648
55852526
68027689
66302495
6038459
37538825
29321096
83257584
100764607
125877994
77954067
92316150
48588889
6224347
2559590
107140956
89803380
25318332
116147324
119414093
15840869
85794200
11005406
38027838
3322548
11197176
54544372
4767784
1434119
17879382
128575721
135424089
11574951
54606139
8989578
36219425
58283357
37605904
80965407
81151249
112748890
35881288
141783144
65327146
84610959
3191999
87806157
43527099
111780160
3410120
25215291
135590159
15731637
38384431
46263628
85393494
108426355
120187810
112047663
121374933
83500758
55529547
81142517
51004227
33318592
88164394
35576981
86889967
11227460
43393028
50684235
108944739
34596224
103316872
58462079
48042539
77483762
109819359
7721554
134727305
110320095
86699139
56137104
53879840
134937855
84872773
128818870
68195140
127320840
107474719
96908164
48883521
100075093
91488626
103241183
26953831
105525853
100551544
43990317
141467200
35520093
80606704
139193389
29515777
94455644
71627554
107109201
32345386
11485096
3797162
2229978
76357330
26081128
98295322
93460087
141534382
24998109
72873434
135332613
103624059
85655387
107667652
39017675
68047907
47143734
7150318
116006674
49262969
70027159
114320730
69873186
88296368
122268898
76945203
39955556
15057025
5805587
47963355
25867068
31935259
62239058
15012976
51219691
81209558
64425233
65184262
87962860
18576565
117374212
4745274
54877200
32219902
13073870
115450037
23971826
45484103
62772711
97126409
53897473
75308425
132325994
29036383
101295582
95839737
40741759
13644600
82733729
134383496
90854936
33958537
44162575
41282708
85980172
142335392
90688627
876320
21855075
108711174
104046900
53181951
126601909
30625414
127113842
110325188
89747391
21375338
86193648
110961393
99251649
64712283
86564746
121687772
141996578
81488185
69738612
113726035
113637896
110017290
120795688
69545007
108538505
44055370
112406425
11359518
96882763
102211261
3413900
33543261
60408316
64296382
95699045
58765619
35161410
130871336
118580080
107650965
122631631
1792749
124559448
90108982
86691882
40390023
20022840
43612763
41822521
93880023
75885037
121605394
24744728
61371796
80468761
97581512
4506770
77505473
55238812
141765235
39499267
108979670
28836058
55653621
48389533
48355452
83592124
4008563
95766778
37672460
110840041
116045466
134413436
38322279
82196454
3115117
29154992
121215612
48585859
55247483
104940488
46089966
106678728
88390200
18899132
19598141
109833155
19260041
55619609
34334840
112604594
121853494
22016654
103167307
16280029
70220697
77934101
115232626
117982961
128399640
18717485
92822745
92998417
84420056
48840319
142152918
2384059
47868158
88203268
56801187
116499032
16218550
102175750
63624826
54546790
74340565
22921488
72081464
114920191
101570788
22601914
72724722
25866313
129403742
114853491
126244438
8348354
138299981
15136492
108700276
100679735
2332581
76825664
36022598
120484940
22487878
14177486
15820382
81746762
57815793
104303758
36313120
142068875
88366771
77564507
72920921
97014003
140140605
64301405
85785429
25856373
124040128
63697884
87487564
111736993
85753848
47625246
140733705
50340729
21072045
84736843
128777466
5264644
111187439
5689814
44590392
15376420
114822510
133137225
52833705
80504492
5133139
40994655
64749469
53510774
70849782
129396831
1965298
62881230
88384654
87492408
47270885
109032631
84032741
127428226
72350216
61048004
17391861
24247123
125178818
52227384
47780785
139738941
13801955
137158994
59540964
141579192
17873944
56285540
53125707
134416005
4552768
27094663
9268414
44228234
137637748
77381364
118911942
108091505
24875933
51540010
50943011
85169591
32668470
95615465
100954737
118013673
43220575
51566642
81014115
22209187
73828671
105261505
37686547
136556150
130636629
90022703
30007701
90670839
127525011
80470667
24215784
67836003
59097644
14252792
67878902
63022538
99512554
77646326
59348943
126724370
109351953
22063587
100183608
119949040
40240424
35605344
132110746
53582181
141090143
110422419
62833605
130835099
108726927
116110298
84536063
42317567
72375961
85183437
118400837
80771636
49240202
129254313
57502610
114584194
49409539
83483121
112183973
47016310
27300633
128523088
23296247
97329466
105970962
31462872
68701099
55521985
119205986
129002480
6827397
63582274
123424547
10534100
135874145
48382694
12356678
99498597
45781106
76136427
34462168
111049040
33073605
22704445
125133592
133036096
31166915
104772634
111326691
112635892
130550997
129250278
124789729
29927052
48478731
127513637
96084136
97243869
131905451
108027108
76395928
132301407
92706691
128580091
85116925
79715561
127156383
24306097
101732381
115036475
67993088
7283064
137645385
109515860
36098889
46081082
6235857
90455437
23353569
77028595
101039105
58517853
57911004
35418435
27468970
47647634
76841032
112533984
138776269
4210789
50798996
16813920
34963501
66108640
24642742
81888844
128716151
50751075
15671790
98002604
41684599
24565144
33673277
25072444
2336350
141349892
3716598
8332721
19014982
113158405
141710981
89205429
114254365
26538037
133235363
28200616
1778994
57119664
21822413
65318799
60298546
20357254
133658700
128943871
113209486
24853300
65664174
36403590
108675325
89643940
53439550
25711904
108124253
52895501
41858386
90620114
130232182
133277318
26694724
118632773
1560785
27726777
103482353
139704379
31765583
53886024
33739860
131528753
81389039
140206758
71116726
55197747
42774712
32140111
71618587
131050580
131990155
72458781
138867091
40699776
63527501
20529919
138963403
17485864
43706751
107194704
77386010
114939229
2202055
91506154
76240558
26365477
44548696
99277580
100554558
24696726
72229479
84012516
60122179
88412028
109059613
105530949
3325137
1008870
129295057
106212242
28295597
108518918
101447841
60017012
33141354
82714464
69992291
49379129
29288518
699191
115573107
36867812
75883654
82531954
1897050
96959735
97397604
16983698
95307759
46350939
92871454
37924356
120198151
79143133
59130195
118209579
104996540
71124457
102696987
5633062
24240883
37989479
84934689
1259623
14306251
21569116
135722092
5453075
124558693
73784219
121047127
110513785
25815801
36656901
79511070
10805944
49431085
127298242
41959743
8224865
84538786
107738345
21852171
92034403
70049770
41552336
8179282
13189660
21251819
131312966
9383251
53964738
76099041
45725215
63712853
60468635
75054426
37971336
55819379
122538615
96833114
71608151
124624696
124686576
73726089
26023454
93913492
49459744
14974061
106105995
99040728
117308359
95134044
62153331
69423169
5025251
139090606
138824382
22666062
79087195
107269463
45568795
21083402
11334621
61447935
20651779
33376456
85375726
111179934
85812156
139451492
66535482
57658684
135665420
90472432
110594325
56940965
1064331
102744952
52993887
12504005
113194695
7715572
61840500
75854560
28951963
82860078
74455163
30172262
106903356
41574514
69246113
70351058
104967430
27902356
72385171
20311539
35503028
133930246
126151021
103253059
29438088
30267366
108569381
48890026
34937456
33431745
82413658
129919947
67728629
19316792
135012604
94076145
120725407
81409690
3762207
4232259
45087720
132803431
57666303
13494122
141638321
125300670
101822806
2030793
20174386
52373732
112156434
29747890
72614595
47399281
36442529
72940394
94935888
18767493
58697297
74475638
37111891
141381200
116500667
72687663
52523254
124169015
26582574
47398432
85164861
5096071
30162185
127600731
125564900
83924987
127303785
49194169
122695388
67915350
64482252
82423745
98158859
124568603
39450685
33486899
95411085
8562010
85758206
138773149
120904270
7841126
126434645
102367955
130161152
114859130
108000569
108706810
47530722
125615959
49839161
133427880
94766869
79906643
91293428
92675553
136889070
114172141
111325472
113657908
113292939
45623941
37576171
116401964
27730102
108408255
76602811
103872466
109453513
70072485
118301168
23696138
62286092
69018740
119449944
119938369
36693327
60831243
136936823
29596720
22495199
129593694
39581883
129591998
57938026
28810746
4064235
65877984
132949381
92407592
84876648
7668271
82256423
19751884
129109723
140758038
141353295
4808540
136341884
77562861
109362723
71911264
134442107
3773471
123834745
95532025
20339749
120264261
93945905
45085914
66369549
55419797
51986250
122537025
42085442
85656731
22788122
325214
34471589
108149513
1702520
45574405
42563343
8295542
105691109
92468821
46030644
34269301
61680625
44130893
84502333
56491409
66646269
62623553
95663386
115270456
57966099
56514657
23200555
53010106
120500730
37623476
40003337
49340968
46134610
23691903
21090879
120830652
76662157
72088706
70634382
7195531
19045075
97861587
136184048
67939043
78622535
119635601
86385789
85351974
15014417
105805221
102229178
5851343
68587289
93781445
77508314
107338034
122289521
83367118
46033039
140721903
85733822
25205000
124449665
102941539
122347590
69195987
129768388
104560110
60995596
38818694
141741386
62507458
85367623
104543990
56128199
59223120
34436940
98260519
87535498
68695596
87746553
85127642
14301629
110037626
98887618
38686896
4770076
86559682
116510616
96561156
44703989
65112175
55906915
56089582
16020417
114303319
2880047
16351631
68198511
41504400
101861369
67163644
106264780
59048510
60764686
94634280
49892434
72333767
31741926
63863256
15583256
6396896
69643847
104019648
9934547
64418285
99778749
57180760
131126268
123484943
87056813
116557679
40222003
2310758
69876728
94724265
100212809
27411600
30924964
134518536
52695357
14753857
31019226
21119761
85291265
39814212
117861263
8246946
21220756
139069034
131809807
10886351
129022180
117368135
29281188
14100462
57750298
110277324
26349077
104090991
108735864
88332423
15254391
44616691
87816316
80632474
66259825
16684418
51121397
14214900
83675321
77286706
16470860
29796754
69158508
28262501
119634456
129608615
115715184
97719511
109926528
5381539
137803919
103291457
56448142
102711872
16085234
92455571
119621996
11330956
104709581
43923104
83790946
138894361
49540495
114780464
90820786
56661320
101920679
94389805
48308523
81369260
61184967
87780704
136011093
1637359
53892787
7390410
134153229
72732437
137948981
11375579
100289917
135492776
116346988
116379484
76643942
63556787
56719899
28417289
114575541
82748143
5964232
36416298
126536985
91828981
121111417
29705032
97295603
53884329
3624197
59453344
74498331
105100646
42438094
37974562
61181574
36281725
60637661
105500708
18834651
109104663
51689042
31861871
44939507
25454151
94446467
98692568
108801003
117827012
666694
113592098
10249768
46318631
139606240
75607264
26423535
43851250
11664310
107789990
24846810
56307821
90481932
74189390
141548523
85897088
30402171
66874227
12982646
138648106
127235769
128172750
84849812
77229449
59783294
77615052
135106797
50159699
62640452
112947025
16847478
32192900
130117897
140921157
26259623
72419526
113777396
87150607
140541865
121365900
41399458
6122619
33288470
120024485
72834349
16970455
109052005
74209248
105854400
104304235
120659682
40948136
74623900
127609734
96586223
122369332
134886459
65103300
73699661
22106339
83801469
129837687
108308935
124024944
13301355
69309944
29054420
21540844
95492699
130058959
96021761
92616400
9869116
19939755
105359649
121094926
114749799
12572107
60022410
86682082
28534469
121621554
107131354
16087833
54209577
115292190
139488158
122920811
108239977
88160551
81111086
29071427
109815851
117578798
33792390
123862943
128948552
74909565
18362052
69536379
114936167
38814954
20762185
88342367
25849481
138304776
58844935
119235767
140661932
34824408
79707989
91603409
108381234
101998375
130476601
10549716
69113799
89039672
4530578
134895485
6629168
115210637
97346985
142309360
4875694
78940590
52402505
102499982
49579221
57699238
72134145
72460093
123449713
139110910
112928272
63340633
109108638
130017399
77313541
14748908
113136221
3523116
32339032
141771158
93432337
57306970
45425367
40071220
87269348
132366208
122556496
92289188
126372016
98808565
68140975
69760730
20545709
120766130
93053437
110265812
813598
50892435
59226535
137403618
7821057
54790610
119899708
72640602
5187630
11892255
31810270
18424689
142226771
104859039
133120342
94103350
87722797
62059103
112941345
127286952
2718579
27649225
130352942
114255327
134731135
33292913
138086251
7676252
14862895
133489842
124590021
137393482
60957737
62497538
116557044
104682831
81469622
27118864
105528903
133784111
19998815
84865369
33376634
7296920
13149712
133865585
16674524
8370928
87810767
60597522
113941171
11864903
93325108
53953695
96715930
69914040
47227501
107393031
134122526
125250662
140147149
2005140
6862994
75808886
19044059
58039277
38474069
94825791
940671
99868558
113281261
28982451
135116529
46550020
127951201
64409180
14152
62723404
18686636
139149641
66873092
67120134
28777693
62565718
30343324
113719350
108237848
117833153
66752695
106969708
28397948
121967003
84865680
3039555
63643294
44414889
94832770
114556011
79427681
79395550
70428849
17782168
75489895
26024212
102737187
64106527
18803933
14022295
60859166
5021527
59725336
47864493
26239248
48771006
130902250
16687044
86027563
123490960
128038357
93507114
54129901
77452190
3755331
42559830
100293116
8143723
81180137
16973467
86164487
127437161
134799207
49445624
36937
98353502
90482060
84666988
84031225
51386118
114093476
1627203
64060923
53112590
93782685
124247158
116772930
115312970
129449164
140501245
132552278
45479785
137551219
82255365
7231382
99316679
68943297
110876918
3778664
72055847
107863206
137710228
132616725
61136520
88964142
16518268
120161973
105058907
101135329
92680330
91525598
18635611
22132823
75275537
5465779
13336176
52544159
140232659
111937065
20711730
126459850
114273462
10029139
90505829
33634367
95751943
3037055
129371187
117849263
92998614
57441022
123115860
51208247
136878893
126160308
121222699
107926437
85374735
40796628
130264872
62365468
90909280
85007598
125604603
114085108
74628360
113455084
64501310
60344002
56485225
95831622
72685160
46113230
53475119
949924
142190311
1266327
29400029
44422702
6781051
13962799
454497
14620794
18261127
90008172
99092352
40910479
24447355
101100724
14650820
45481107
4900767
120752720
131804738
82094172
78989068
72802893
124673920
31224260
22087291
127873847
102147802
14011730
43592775
27536286
47123658
62651169
50104429
65174414
53008070
20362185
139192841
101335176
119948840
59557976
1816423
74016810
79750986
18679968
28026495
53343702
5850418
49268103
94628165
80023973
128398335
24066982
16638700
68155005
89304414
112148363
35500625
15455947
42968257
121637618
97496187
39567595
22728776
60264861
28141400
20646051
121926844
85381452
84011193
43324052
134341423
83256271
141296727
10579674
88287026
50418349
92784151
61776304
134993617
109825609
51761489
17734154
54933058
74363548
47022600
3986725
105345142
140705815
136407839
100073084
121069388
131158831
105080646
21793284
84549991
25329794
67972803
13117645
32587672
71490724
112970519
33939708
72069485
70318676
52522451
19940912
10055304
59601272
104661914
117489070
85784910
42735883
139728754
86476720
124648234
83867427
86520500
34295537
122583881
46997128
95394154
38150165
106144107
124438010
118648150
64115183
100179144
35151210
135738498
81277846
118142258
130802406
100660281
9407139
57240687
33775149
2850672
138735343
78569800
72809524
29569027
3734806
71423379
34169827
97200679
20597490
128107897
8603119
77622415
84193620
86907014
7501383
6257162
12722132
80819373
11328515
73277661
72200200
24822910
77680469
59830330
93680924
91351013
11691461
49790086
79444585
8966891
36058886
1440595
56129558
133755863
111714211
43949634
127795025
65834424
138292074
29144404
2754832
53418759
95244312
75793556
75135449
41999826
116632562
127180218
16898091
36661777
86723304
64557721
60164239
84879940
2474180
93618357
37802476
13064155
123227510
132742501
10989401
130001397
64497148
85919704
131681429
94524054
95336587
109232462
64511466
31370999
138096801
125415086
14639329
138214161
129134410
440799
22103507
74074599
42914251
138291385
111092507
106296168
37145761
101689972
116187395
7805089
65871116
21468446
25231207
24706638
47007698
63409331
96979075
123404554
19232948
136629765
56944616
21968836
43432534
21396810
119576056
8411478
82565848
29113883
114656315
68514022
63404948
129692544
103663126
24254500
3441899
88149331
43849039
72228965
80903343
12352926
2468536
135118073
60987977
63703703
74597638
73882215
124319870
51950935
29888608
26814910
123340840
52366473
31720916
96276586
35470298
82728623
31558554
79992738
68368944
38393616
29606760
114773667
130513004
65779437
122995738
16637032
35020243
45673925
53891047
32694779
87617928
16426792
28796545
1033896
100456028
26397546
2334161
82874137
35798011
6242446
25505801
20313518
137587571
45927875
116095674
77405131
23857412
117338660
70819814
93270642
89225855
19041839
115950484
61942084
87219119
56024287
54536094
5691036
135047644
21552019
135349
139555789
24417994
99463552
3135836
68763635
74789061
141334479
140872172
56089382
110989921
132078929
136659079
9204217
82304530
110071523
60205774
130081236
38932651
34584730
1496806
38479453
11017815
141569149
12720611
128080625
50006496
64301149
18138622
27899230
66755454
75324564
122461063
119525203
108984073
53400473
95917845
43007295
48390678
67708011
35124961
25040442
105200867
62744953
100543263
128035383
133808469
55287303
120735848
56802207
99378907
100036738
96113054
139997649
108283906
63875626
92307831
71268319
27479069
30719224
68513726
106966217
86431623
76918147
64019247
21702034
12781227
53872815
36147332
141630935
94066042
18737614
52575762
86345448
131662045
50127153
135563501
65420807
113560758
94200196
55163874
18292649
108431897
2288846
87349767
48705734
16323186
77374121
116576143
24902532
11277922
28496770
76712733
3303763
24769609
5938832
86009190
35087832
129467967
11051465
80374925
93252787
21340098
103160095
115562894
35002050
23908364
72325542
121758009
38122707
52930201
42921981
120228731
17045113
67370035
29579872
68218327
6835466
31643251
27426697
47716077
8905056
44401449
41500786
32364209
71543854
141838906
86176645
111886329
64194491
57414021
124770568
2074637
66610259
22272451
130326233
61871152
124343016
60866435
95327292
25574723
50201629
49726776
63312563
83249566
6554968
39661435
27794139
6992739
90644173
55759876
140790192
40538635
72392234
39318393
31192527
135150894
47871014
75182382
18169
139659858
78820927
115900292
126723042
40806340
950795
128749520
111603172
113896335
136825004
88231861
100719209
36276513
15151940
102743666
43451997
108597092
131515906
63640171
26494898
3025875
29433147
6924144
72737478
16716001
132196457
111765574
79370922
127232147
138205585
118198045
12284845
77631961
104770557
76945122
3416128
23964644
89194995
135183315
44353593
28855175
28400988
51826644
129023671
24024083
49303445
141932210
49792771
829373
41400750
116688317
119737948
17092645
11584887
119914664
133839337
125850731
129491523
89826487
139066331
71601353
6420343
80560285
59703166
8225919
83767777
34844620
117820011
105412904
5622721
21800934
15188892
117592613
116302035
97322254
65541703
27686709
63944386
126745464
4402284
11219229
73103488
59182609
123278459
124891148
92669887
104565780
72385442
72071233
32643684
126380757
140332355
53890962
49373970
140895366
17987872
40228547
63564842
61973656
123031780
25900591
110247084
9892292
130488245
50177259
73529547
82035607
67170712
116768804
6846140
117121471
95391913
84658253
7338868
14870142
81273916
140723381
7166003
104168764
44818129
120784777
134884808
98970023
113609599
106703736
6194289
107856398
19609265
114605521
129731560
49804526
27074827
138076710
32109732
29220470
27793062
51184879
62181879
110233849
52302999
60286350
44074466
82884108
98588296
34497428
11315157
28485598
22993027
3370238
74541990
68661524
10837425
76928929
44440664
5635862
108437297
131214060
90408008
99751566
85018675
34004162
140894350
39524581
72103375
19571711
89486777
128143236
97174219
95103333
50021148
24642409
122364450
60464118
15910492
104323221
6185058
87129314
91837539
22554509
3248168
8988329
68140506
40591681
5352502
129620952
18660143
100211830
82742259
113671708
141359114
66260131
99237218
108646231
141195996
88914248
94561358
132471738
68845467
137292155
102743010
31868314
115037905
109555384
41717465
56919760
108030981
21134416
43294498
113791848
130269157
98894426
81099003
128936809
71827323
133315917
105603762
94751176
7342914
628916
51030788
107886518
37276172
48732387
55333162
50638305
73250938
83703543
56031292
35411632
128861137
15342990
85616409
74524670
40809721
62740083
117535741
124275125
76477693
126801060
73951228
132401615
58857011
7623829
26420903
23865567
79718937
39341670
139378373
10410418
97933954
113544988
2355429
7335217
45387887
107771019
127726521
25438961
25370698
85042335
93592639
131985258
118500072
7410322
116020904
57899010
92684627
113432951
29431939
92511845
125945783
103266000
67090499
31880643
125134076
104634409
120343656
118050149
102506684
57673022
651992
95280402
121228590
102714608
47141960
129824498
35580708
98418624
73161055
65518459
89172693
128132237
63685787
49754594
137412388
117662058
127765808
101955475
120052330
125954406
14437018
103298536
137699447
87056156
102684987
16915261
9431880
110590202
122131736
48151017
28375714
100454949
43989412
99000518
129995317
124434550
27672886
54374592
140399391
51112461
55639818
38684266
63115068
100572495
107785358
63116645
30442456
12828241
131612507
109464365
109174939
102829090
93177484
24386269
124614199
97324742
67865222
92641102
136701385
3477953
2188489
90451770
25486425
48755924
6910165
99503374
12060279
60185799
41388992
106613402
51631578
865428
88847619
35623082
4662641
43749181
125220725
113355385
113662130
135426325
38185963
528023
18634145
91156191
24051953
139840350
114929525
71354365
32974440
85275011
53210263
50690481
26488092
73433921
125109371
107228987
14655396
76190450
37039424
48562033
81706450
18162415
10055317
18579215
49391797
57987527
8650535
114159491
78939371
57499730
41759594
80439170
132740739
119294931
51923119
82816917
80026519
30933358
56937647
101181234
90552377
36874906
133173163
133591154
12326391
129329656
89817683
77854094
73233910
67724206
115505858
92780637
38601556
128458555
54496783
101357625
62305723
10565950
120140291
82010047
79093481
138732767
58658266
18282993
95756391
106186173
28373853
78064614
58917479
61454504
64675842
58879941
82824253
112631165
109090637
47002982
135725977
131745511
76214743
15940634
85072760
24298420
14314497
42505115
20401
18023450
64265804
128036736
92593147
106067270
117621820
9294629
46271698
140635650
57018141
131266815
89043308
129121608
56845836
23900257
53070063
127171043
271169
65085308
40963877
45416453
70519005
47071435
68080371
84493452
32312048
27895070
48472221
106484797
113935598
26362848
21746596
108566608
110734533
131276074
1927352
39691727
34737895
17509239
97070373
56106491
142202623
103238455
106078250
15588377
41302437
101876830
90867808
17362694
47385201
137525444
88216437
102761946
55294651
140763693
23464346
59068894
29986342
25853101
67318647
34254741
19791127
69288209
58220377
10031528
22003687
62370992
87474547
101571478
24772941
58373604
48483670
24524187
137449253
42035016
73292863
17762209
98377685
25611009
54212053
136790520
61810993
68066486
70477165
117545231
128954683
107962946
79123404
125072890
109482113
138375674
141105686
75651481
79363975
21841539
57156142
136241454
80324141
36664089
125056575
71858251
65851171
46814308
20585998
34175043
29220545
36356418
54276504
6544602
135983722
92961613
107009989
136903267
101553695
103064485
16288988
98178968
9110861
74221711
76096192
139889630
28542500
38623720
99190879
101981437
75810643
1773594
131042936
15575974
89056634
4576609
16248658
50213638
73758812
110242509
482573
64749127
62382018
94256851
95705039
40642904
84005408
117546653
11118619
54532819
75505915
23853499
112216044
85485962
107035319
8414510
130391739
87196401
3160569
42790158
98841176
141909682
5278329
69576159
135308695
40576723
39853626
106318683
24001750
24993608
81514650
135434424
128382978
81929446
993667
95676946
15680024
29896663
46275559
55580530
21521506
128463
59131631
38670845
105010896
133365222
48912439
78587770
55147710
24522831
31354597
106576895
64049642
61531163
72498476
47606728
118226346
68517256
118563224
74090087
102375544
122787388
114644257
37192011
38522147
53489411
106956436
19409059
45190470
76120004
469275
56325314
25077470
54188325
135027916
98599208
48519239
109802105
46621398
120065811
133948296
108838848
68283948
49897559
77677567
14296219
103121345
18956456
127423663
33470115
99600011
78526890
58553066
80030948
19599199
63449126
96333243
97290097
125856347
13364537
66412383
113587342
32350300
136482988
131039248
113859123
86563805
91856848
15190236
103943692
90621059
46599714
24599021
102393816
126155318
131271019
96294796
17020859
138820502
37012367
76801906
19927656
36773664
128587673
40154313
104577182
38719205
79640670
48245998
72327330
31379822
95872965
121360398
120596976
27882034
92939147
59132339
130663646
127027436
56042010
75675413
61954771
139564921
29933088
56974542
103655705
22811153
91774138
41636672
122090253
450948
85615960
124390412
32513466
71681758
23532166
58003122
74303708
10914712
41024774
93403989
99652355
82920525
87588454
47496593
40126224
62549252
110774856
72865482
11762464
134807912
111099795
4739067
117764568
6843786
69550262
18732980
12236312
94691933
50556227
89137152
30407680
36017048
141555796
6725243
95034768
37916008
24021458
39541083
61731325
109145500
57972624
40903382
35648223
41998693
131043274
31648252
124173599
116923816
123591416
8212246
1156473
139763357
19453127
65830327
6698727
97009883
3699059
13608785
92773427
57462906
68919052
106507776
49940966
11444718
117439548
126398497
50163622
25774265
136489129
130204277
91223012
12968141
138430295
6097109
122740238
83018018
98691877
131185129
139556140
13462603
121071377
90232426
19360740
137281356
89090445
125647093
1237312
56481194
43302035
12386577
15303490
102411049
93974108
87985184
58953127
100772220
119198255
43351989
86174
13604389
15449403
94220882
112660193
31268996
58567611
84752658
5415952
93310271
79561691
39430648
806158
6396227
134054665
111671760
78247531
15554387
121193655
92801680
25275476
137246942
6897750
2144931
59393422
93200747
131260265
89416397
139660883
139215401
90155576
35236069
139883301
25288569
94625250
96675837
53602272
125541677
45094029
87975311
19879468
50498173
125492153
58496032
123013331
41839555
47015635
87418451
81450555
21087223
87698611
19318050
133314618
14584160
17887687
24985335
17707753
14050819
29924604
16017652
2670259
114726739
127042682
92092605
106479971
18581125
53288942
37472858
109706459
24321854
130050308
59660782
47684778
40092325
36821780
80659534
122632113
5111354
56823326
24540367
7269946
7983077
137209404
21243012
67999973
10741729
137885358
57706515
100788568
59096829
48272439
43991658
86779833
103634139
20518054
55021707
102621088
30963780
39309813
75992430
97438711
99187876
18240383
139392456
34726083
2484561
113161268
62022000
42634947
16304741
32183973
115417283
51755975
117378863
125992766
12060780
74328646
137999315
45050751
6861691
88074814
55908793
16846837
39163328
98346688
94116111
112975795
129746334
8181199
124430073
92998119
48011007
13320723
57340694
76997894
85922803
134372182
57040521
137953977
84491909
123156384
114594263
124447919
24551841
15846728
114281806
120633779
54729700
40818899
112863806
31986422
23505514
131395085
42076027
41089832
54340873
110033854
4931941
92596311
37062391
67205339
8760120
96954718
43869614
74892642
65196734
82677058
13320455
85275805
70529084
130607638
72597136
31682609
41089112
136612541
51859726
70308726
47613064
121673341
34737196
38861600
132575385
360451
97620119
100140061
120933615
92543332
117277103
23261029
73791142
113127492
7320228
59679231
54633081
6018682
87763849
4036600
110848208
122639463
136372002
21215990
19359993
46543685
110497374
63953333
89501391
34637607
92979441
101925621
60539627
110596745
57608090
14805793
132480366
46576158
36692287
127798789
51410219
122334372
84789960
103600938
33499587
100112070
26347728
116970108
120210449
100907451
60894054
56048781
138677297
68411170
10286090
17911143
13531134
54788662
141791858
68341215
93664111
65213986
27058343
9549237
83477556
110696923
42115319
121532713
69754786
57523021
53100059
22198460
112193134
133629702
79922821
112754870
71085945
113351815
102780259
59819007
18426048
108400453
123614429
123536417
119905769
34561421
102764619
85390900
47121008
90015699
47436513
68040513
131385273
20010936
90163649
89300496
86976144
12057600
126990673
93730295
138882157
127802880
50791625
105431770
32596103
26159840
107828376
21577311
74602483
88033835
1056361
16534464
35149804
132116900
133651603
43392301
33998454
32153992
32497825
13907248
31618532
136294636
37352560
134809164
31149633
60858774
60442454
55952907
105858242
89770064
45278136
44945195
67208864
44124098
94165340
54921235
80377832
38325250
105050448
37431134
129377820
118409971
114885238
86116473
37937663
44220296
78992719
26131485
44968759
13242015
3616625
61270122
91756742
90094566
104119687
23876846
21452046
736640
51612584
20311193
21112970
996670
1463350
45334077
105056086
132984059
78000878
42872738
110159765
139217008
69650061
84833646
51203615
131264108
94229057
47006614
121070317
133463691
33381668
126380492
58363150
141274681
35782975
135378899
88745149
113854823
99850835
72897540
1470081
41217783
104771014
11887566
141504552
64180394
43411234
32369117
39959024
28831493
42601350
107948213
6979767
110716854
38645870
100076457
105196966
102226024
105740779
111491237
133968277
5856316
4012396
131321663
109823359
134101519
64472948
369232
10831964
11431605
9627153
41521783
84365253
46209573
70549753
87784166
12925875
123621463
134752040
139791455
80568764
122224513
16389213
1427343
137966690
89418741
57058991
123017550
124225320
107123830
80159876
140995269
117552334
101751020
36561782
121600007
20853047
38789454
2499047
125634578
16691538
28087182
110566210
67008653
135241078
139388007
16538151
7419355
42110967
95024669
86899027
41646122
135692473
133027806
53076643
90147412
129974170
96746531
15625221
8756709
100634507
107429460
112818140
22232670
138453441
94512933
6567801
90572935
36922559
139116227
121327817
132861536
108875901
70648855
41780765
128630759
28190790
29371930
21243187
72841750
82241029
40613326
89003687
129351411
5415211
20171790
55590425
90458577
109442987
15233671
94234508
98644761
62419892
7057270
128604627
106484878
18073700
59447327
42096955
120595900
132352941
40441550
109361640
24709512
96914487
117460848
109304751
64429639
39872837
70010823
102062853
80160748
12543741
92802162
41614191
64731721
56514257
19902454
107219313
75708099
128871612
123675556
115947097
51331338
65599804
116453029
116459056
20361916
122782302
62577506
81962720
45949745
46333456
115467314
114694253
61950628
26803027
133599662
29354412
47581534
46304532
119390270
11960847
56034890
64912536
114037562
95460368
129599357
111692603
81033854
122178945
21406678
80114491
41480116
60613466
73334871
89168075
20113267
23960234
46177713
7284119
110273089
2506341
20944176
136246819
158516
122162274
71548582
6590050
37092700
76113934
110271976
74371485
41761976
121340861
128906869
75291561
140491036
59672207
89719120
39135224
29441465
2024732
12853815
39532628
37252716
119284319
27022131
95990979
140580701
35777295
105431686
100031405
88123029
36874412
104803851
60931106
76152573
129980818
59870287
63865838
68028423
3135611
101343825
110420140
83584406
52042199
72840840
117985011
57186961
77181643
62500763
5184539
48914663
29940809
128185337
68529182
129770003
6399863
135412464
47778692
118140577
96205707
108732070
79276240
131693119
126127512
12999698
112808596
63495201
45713336
59799959
63538585
25959307
67116031
102312382
124510488
84681925
125793698
52840108
58848190
77672823
15465595
72724426
107220228
120213174
133058182
99876246
12556435
91466908
52084786
110192908
113213086
21961935
74154402
50498070
93490354
23839921
6043068
99360524
129945507
29103148
60478746
75535339
94809332
23450918
63228700
132315137
46050398
117144216
75235204
8557866
74953244
104635879
57642653
38941744
35012787
64464214
98119124
37886546
7572099
136219138
97195267
141972413
110362834
126958109
91405703
30694320
11606354
50935017
6352387
92377110
117724096
37820253
264970
107390735
34612875
98392978
54564441
19096039
58513735
133083868
52420258
51905145
9109626
63751497
60242958
102700496
98270227
48826907
12298401
35573653
86077345
66836832
58313008
100439566
48213081
68284675
91089396
81748169
136538477
71194587
115479287
5343078
86632763
42218109
64701188
66420329
124466092
109488985
109352227
100855820
119628241
95685017
110622481
112736973
105417224
76466112
65288762
39716997
121781335
56551726
129788252
91692671
20212617
50617743
38121324
24704613
38213006
58140595
45370706
83683277
18268953
45761927
132218413
27463404
34895313
23762426
83226959
114903766
27911661
62855978
78328095
42075241
73697017
74263726
129288303
6657315
27776872
16115270
98330735
113211683
77541104
68658212
109400999
132040792
93212193
38277909
35083168
65493160
118512027
70613481
43356881
7053689
136381702
54462807
14971243
50206606
73174450
86386013
70231142
92304561
3274373
87739488
106210007
73767730
46159134
120525235
17344440
58570606
35800081
15361503
43372125
100911467
35969745
107368671
2622606
101111532
92218067
36161999
139034947
81614281
97697782
118597588
20574240
85740035
13914275
61779211
50502451
85236933
88254061
132567063
63051398
56847354
39348485
56610403
104892683
78272398
45392683
27472088
68243141
113147579
65221359
105719005
12075542
19556722
58122881
87688755
56645751
110841953
48670109
140256641
25483317
31368231
44643497
28634161
118443223
127373474
39808553
27495269
55361839
122062113
139434941
40124382
62800458
114224116
44658414
110595397
127753099
114346219
58811668
59903208
93372663
110805144
12323356
61582849
39056129
123521589
48595099
28370737
48261136
114605620
8221196
130162463
66954651
907488
73740973
97041622
85605647
95757940
107743617
83897028
364759
43396238
75467513
23989740
69938358
40737016
125573135
65803545
134615178
139161434
22416140
8664835
13955864
135572975
75714301
14054426
122202311
61034565
124481847
81776815
11705513
98580767
16439481
105778967
38166465
118699945
117801742
48023394
139153941
18434743
111058701
102155970
64496244
135886732
108383411
