12-18-0 
12-18-0 2,3	2,1	2,1	2,1	1,3	1,1
12-18-0 
12-18-0 
12-18-0 1,3	1,1	1,1	1,1	1,1	1,1	1,1	1,1	1,1
12-18-0 
12-18-0 
12-18-0 
12-18-0 
12-18-0 
12-18-0 
12-18-0 
12-18-0 
12-18-0 
12-18-0 4,1	4,1	4,1	4,1	4,1	1,1	1,1
12-18-0 
12-18-0 
12-18-0 
12-18-0 
12-18-0 1,1
12-18-0 7,3	7,1	7,1	7,1
12-18-0 
12-18-0 
12-18-0 2,1	2,3	2,1	2,1	2,1	2,1
12-18-0 1,3	1,1	1,1	1,1	1,1
12-18-0 
12-18-0 
12-18-0 1,3	1,1	1,1
12-18-0 
12-18-0 
12-18-0 
12-18-0 7,1	4,1	4,1	4,1	2,1	2,1	2,1	2,1	2,1	2,1	2,3	2,1
12-18-0 
12-18-0 3,1	3,1	3,1	3,3	3,1
12-18-0 29,1	29,3	25,1	25,4	25,1	25,3	18,1	15,1	15,1	15,1
12-18-0 
12-18-0 
12-18-0 
12-18-0 
12-18-0 
12-18-0 2,1	2,3	2,1	2,1	2,1
12-18-0 
12-18-0 
12-18-0 27,3	27,1	27,1	27,1	25,1	25,1	25,1	25,1	25,4	23,1	23,1
12-18-0 1,1	1,1	1,1	1,1	1,1	1,1	1,1
12-18-0 
12-18-0 
12-18-0 
12-18-0 
12-18-0 3,1	3,1	3,1	3,1	3,1	2,3	2,1
12-18-0 
12-18-0 2,3	2,1	2,1	2,1	2,1	2,1
12-18-0 5,1	5,1	5,4	5,1	5,1	5,2	1,1	1,1
12-18-0 1,2	1,1	1,1	1,1
12-18-0 
12-18-0 
12-18-0 
12-18-0 4,1	4,1	4,3	4,1	4,1	4,1	4,1
12-18-0 
12-18-0 
12-18-0 15,1	15,1	15,1	15,1	2,2	2,1	2,1	2,1	2,1	1,1	1,1	1,1	1,1
12-18-0 
12-18-0 4,1	4,1	4,1	1,1	1,1
12-18-0 1,1	1,1	1,1	1,3	1,1	1,1	1,1	1,1	1,1
12-18-0 
12-18-0 22,1	22,1	22,3	21,4	21,4	17,1	17,1	17,1	7,1	7,1	7,3	7,1	7,1	7,1
12-18-0 
12-18-0 
12-18-0 
12-18-0 
12-18-0 
12-18-0 
12-18-0 
12-18-0 
12-18-0 
12-18-0 
12-18-0 29,1	29,1	17,1	1,1	1,1
12-18-0 
12-18-0 
12-18-0 
12-18-0 4,1	4,1	4,1	4,1	4,1
12-18-0 
12-18-0 
12-18-0 
12-18-0 10,1	10,1	10,3	3,1	3,1	3,1
12-18-0 
12-18-0 1,1	1,1	1,1	1,1	1,3
12-18-0 
12-18-0 
12-18-0 
12-18-0 
12-18-0 
12-18-0 6,1	6,1	6,3	6,1	6,1	5,1	5,1	3,1	3,1	3,1	3,1	3,1	3,1	3,1	2,3	2,1	2,1
12-18-0 
12-18-0 
12-18-0 21,1	21,1	21,1	21,1	21,1	19,1	19,1	19,1	19,1	14,1	14,1
12-18-0 1,1	1,1
12-18-0 
12-18-0 2,3	2,1	2,1
12-18-0 
12-18-0 
12-18-0 
12-18-0 
12-18-0 23,1	23,1	23,1	23,1	23,3	13,1	13,1	13,1	1,1	1,1	1,1	1,1
12-18-0 
12-18-0 
12-18-0 
12-18-0 
12-18-0 
12-18-0 2,1	2,1	1,1	1,1	1,3
12-18-0 
12-18-0 1,2	1,1	1,1
12-18-0 
12-18-0 
12-18-0 
12-18-0 
12-18-0 28,1
12-18-0 1,1	1,3	1,1	1,1
12-18-0 
12-18-0 
12-18-0 
12-18-0 
12-18-0 
12-18-0 13,1	13,1	13,1	13,1	13,1	13,1	13,3	11,3
12-18-0 
12-18-0 
12-18-0 
12-18-0 
12-18-0 9,1	9,1	8,1	6,1	6,1	6,1
12-18-0 19,1	19,1	14,1	13,1	2,3	2,1
12-18-0 16,1	16,1	16,1	16,3	16,1	16,1	10,1	10,1	10,1	10,1	10,1	9,1
12-18-0 1,1	1,1
12-18-0 
12-18-0 
12-18-0 
12-18-0 
12-18-0 1,3	1,1	1,1	1,1	1,1
12-18-0 21,1	21,1	17,1	17,1	17,1	6,1	6,1	6,1	6,1	6,1	6,1	6,1	6,1	2,1	2,1	2,1	1,1	1,1	1,1	1,1	1,1	1,1	1,1	1,1
12-18-0 22,1	22,1	7,1	7,1
12-18-0 
12-18-0 
12-18-0 
12-18-0 5,1	5,1	5,3
12-18-0 
12-18-0 
12-18-0 4,3	4,1
12-18-0 
12-18-0 
12-18-0 
12-18-0 2,1	2,1	2,1	2,1	2,3
12-18-0 
12-18-0 
12-18-0 
12-18-0 
12-18-0 
12-18-0 1,1	1,1
12-18-0 
12-18-0 
12-18-0 23,1	23,1	23,1
12-18-0 14,1	14,1	14,1	7,1	1,1	1,1	1,1	1,1	1,1	1,1	1,3	1,1
12-18-0 
12-18-0 4,1	4,1	4,1
12-18-0 
12-18-0 
12-18-0 
12-18-0 27,1	27,1	25,1	25,1	3,1	3,1	3,3
12-18-0 
12-18-0 
12-18-0 4,1	4,2	4,1	4,1	4,1	1,1	1,1	1,1	1,1	1,1
12-18-0 
12-18-0 
12-18-0 
12-18-0 3,1	3,1	3,1	3,1	3,3
12-18-0 
12-18-0 
12-18-0 
12-18-0 
12-18-0 
12-18-0 
12-18-0 
12-18-0 
12-18-0 
12-18-0 
12-18-0 2,1
12-18-0 
12-18-0 
12-18-0 14,1	14,3	9,1	9,1	9,1	8,1	8,1	8,1	8,4	8,1	8,1	6,1	6,1	6,1	1,1	1,1
12-18-0 1,3	1,1	1,1
12-18-0 17,1	1,3	1,1	1,1	1,1	1,1	1,1	1,1	1,1
12-18-0 
12-18-0 4,1	4,1	3,1	3,1	2,1	2,1	1,1	1,1	1,3	1,1
12-18-0 2,1	2,1	2,2
12-18-0 
12-18-0 
12-18-0 
12-18-0 
12-18-0 
12-18-0 
12-18-0 1,1	1,1	1,3
12-18-0 1,1	1,1	1,2	1,1	1,1	1,3	1,1	1,1
12-18-0 9,1	9,1	8,1	8,1	8,1	6,1	6,1	6,1	6,1
12-18-0 
12-18-0 
12-18-0 
12-18-0 
12-18-0 2,1	2,1	1,1	1,1
12-18-0 
12-18-0 2,3	2,1	2,1	2,1	2,1	2,1	2,1
12-18-0 
12-18-0 
12-18-0 
12-18-0 9,1	9,3	9,1	8,1	8,1	8,1	8,1	8,1	8,1	8,1	8,1	8,1	7,1	7,1	5,1
12-18-0 11,1	11,1	11,1	11,1	11,1	11,3	8,1	8,1	8,1	8,1	8,1	8,4
12-18-0 
12-18-0 
12-18-0 15,1	12,1	12,1	12,1	12,1	12,1	12,1	12,1	12,1
12-18-0 
12-18-0 
12-18-0 
12-18-0 7,1	7,1	7,1
12-18-0 12,1	12,1
12-18-0 
12-18-0 1,1	1,3
12-18-0 
12-18-0 1,1	1,3
12-18-0 5,1	5,1
12-18-0 7,1	6,1	6,1	1,1	1,3
12-18-0 1,1	1,1	1,3	1,1
12-18-0 1,2	1,1	1,1	1,3	1,1	1,1	1,1	1,1
12-18-0 
12-18-0 
12-18-0 
12-18-0 
12-18-0 1,1	1,1	1,1
12-18-0 
12-18-0 2,1	2,3	2,1
12-18-0 
12-18-0 1,1	1,1	1,3	1,1
12-18-0 23,1	23,1	22,1	22,1	22,1	22,1	22,1	22,1	22,1	22,1	22,1	22,1	13,1	13,1	13,1	13,1	13,4	13,1	6,1	6,1
12-18-0 
12-18-0 
12-18-0 3,2	3,1	3,1	3,1	3,1	3,1	3,1	3,1	3,1	2,1	2,1	2,1	2,1	2,1	2,1	2,1	2,1	2,1	2,1	2,1	2,1
12-18-0 
12-18-0 5,2	5,1	5,1	4,1	4,1	4,1	1,1	1,1	1,1
12-18-0 
12-18-0 1,1	1,1	1,1	1,1
12-18-0 
12-18-0 
12-18-0 
12-18-0 9,1	9,1	8,1	6,1
12-18-0 1,1	1,1	1,1	1,3	1,1	1,1
12-18-0 3,1	3,3	3,1	3,2	3,1	1,1	1,1	1,3	1,1	1,1	1,1	1,1
12-18-0 
12-18-0 6,1	6,4	6,3	6,1	6,1	5,1	5,1	3,1	3,1
12-18-0 
12-18-0 
12-18-0 
12-18-0 21,1	21,1	21,1	21,1
12-18-0 
12-18-0 
12-18-0 1,1	1,1
12-18-0 
12-18-0 1,1	1,1	1,1	1,1
12-18-0 
12-18-0 11,1	11,1	3,1	3,1
12-18-0 5,1	5,1	5,1	5,1
12-18-0 
12-18-0 
12-18-0 2,1	2,1	2,3	2,1
12-18-0 3,1
12-18-0 
12-18-0 
12-18-0 1,1	1,3
12-18-0 
12-18-0 1,1	1,3	1,1	1,2	1,1
12-18-0 
12-18-0 1,1	1,1	1,1	1,1	1,3	1,1
12-18-0 
12-18-0 
12-18-0 1,1	1,2	1,1	1,1
12-18-0 2,1	1,1
12-18-0 
12-18-0 
12-18-0 
12-18-0 8,1	8,1
12-18-0 
12-18-0 
12-18-0 3,1	3,1	3,1	3,1	3,1	3,2	3,1	2,1	2,1	2,1	2,1	2,1	2,1
12-18-0 1,3	1,1	1,1	1,1	1,1	1,1
12-18-0 
12-18-0 
12-18-0 23,1	23,1	23,1	23,2	4,1	4,1	4,1
12-18-0 
12-18-0 2,1	2,1	2,2	1,1	1,1	1,1	1,1
12-18-0 2,1	2,1
12-18-0 9,1	9,1	9,1	9,4	9,3	9,1	8,1	8,1	8,1	7,1	7,1	7,1	7,1	7,3	7,4	6,1	6,1	3,1	3,1	3,1	3,3	3,1	3,1	2,1	2,4	2,1	2,3	2,1	2,1	2,1	2,1
12-18-0 4,1	4,3	4,1	4,1	4,1	4,1
12-18-0 2,1	2,1	2,2	1,1	1,1	1,1
12-18-0 9,1	9,1	9,1	8,1	8,1	7,3	7,1	7,1	7,1	6,1	6,1	6,1	6,1	6,3	6,1	6,1	6,1	6,1	6,1	6,1	6,2	6,1	6,1	6,4
12-18-0 
12-18-0 2,3	2,1	2,1	2,1	2,1	2,1	2,1
12-18-0 19,1	19,1	19,3
12-18-0 1,3	1,1	1,1
12-18-0 
12-18-0 
12-18-0 
12-18-0 
12-18-0 
12-18-0 2,3	2,1
12-18-0 
12-18-0 
12-18-0 
12-18-0 
12-18-0 1,3	1,1	1,1	1,1	1,1	1,1	1,1	1,1
12-18-0 
12-18-0 
12-18-0 
12-18-0 
12-18-0 
12-18-0 
12-18-0 
12-18-0 6,1
12-18-0 
12-18-0 
12-18-0 
12-18-0 
12-18-0 
12-18-0 
12-18-0 1,3	1,1	1,1	1,1
12-18-0 4,1	4,3	4,1	4,1	4,1	4,1	4,1
12-18-0 
12-18-0 12,1	12,1	12,3	12,3	12,1	12,3	12,1	6,1	6,1	6,1	6,1	6,1	6,3	6,4	6,3	6,3	6,3	6,3	6,1	4,4	4,1	4,3	4,1	4,3	2,3	2,1	2,1	2,1	2,3	1,1	1,1	1,1	1,3
12-18-0 
12-18-0 22,1	22,1	21,1	21,1	17,1	17,1	6,1	6,1	6,1
12-18-0 
12-18-0 
12-18-0 
12-18-0 
12-18-0 
12-18-0 
12-18-0 
12-18-0 
12-18-0 
12-18-0 
12-18-0 2,1	2,1	2,3	2,1	2,1	2,1	1,1	1,1	1,1
12-18-0 
12-18-0 
12-18-0 
12-18-0 1,1	1,1	1,3	1,1	1,1
12-18-0 
12-18-0 
12-18-0 1,1	1,1	1,1	1,1
12-18-0 10,1	10,3	10,1
12-18-0 
12-18-0 
12-18-0 
12-18-0 2,1	2,1	2,1	2,1	2,4	2,1
12-18-0 6,1	6,3	6,1	6,1	6,1	6,1	6,1	6,1	6,1	6,1	6,1	6,4	6,1	2,1	2,1	2,1	2,1	2,4	2,1	2,1	2,1	2,1	1,1	1,3	1,1	1,1	1,1	1,1
12-18-0 
12-18-0 2,2	2,1	2,1	2,1
12-18-0 
12-18-0 
12-18-0 
12-18-0 
12-18-0 3,1	3,1	1,1	1,1
12-18-0 
12-18-0 22,4	22,1	22,1	22,1	22,1	22,1	22,3	22,4	19,1	19,1	18,1	18,1
12-18-0 
12-18-0 
12-18-0 
12-18-0 
12-18-0 8,1	8,1	8,3	8,1
12-18-0 1,1	1,1	1,1
12-18-0 
12-18-0 
12-18-0 
12-18-0 
12-18-0 4,3	4,1	4,1	4,1
12-18-0 1,1	1,1	1,1	1,3	1,1
12-18-0 
12-18-0 4,1	4,1
12-18-0 
12-18-0 5,1	5,1	1,4	1,1	1,1	1,1
12-18-0 
12-18-0 1,1	1,3	1,1
12-18-0 1,1	1,1
12-18-0 12,1	12,1	12,1	12,1	6,1	6,1	5,1
12-18-0 
12-18-0 
12-18-0 
12-18-0 
12-18-0 24,1	24,1	24,1	24,1	7,1	7,1	7,1	7,3	6,3	6,1
12-18-0 5,1	5,1
12-18-0 
12-18-0 
12-18-0 
12-18-0 
12-18-0 
12-18-0 2,1	2,2	2,1	2,1	2,1
12-18-0 
12-18-0 1,1	1,2	1,1	1,1	1,1
12-18-0 
12-18-0 
12-18-0 
12-18-0 
12-18-0 
12-18-0 1,1	1,3
12-18-0 
12-18-0 1,1	1,1	1,3
12-18-0 7,3	7,1	7,1	7,1	7,1	7,1	7,1	7,1	2,1
12-18-0 
12-18-0 
12-18-0 2,1	2,1	2,1	2,1	2,1	2,1	2,3
12-18-0 1,3	1,1	1,1	1,1
12-18-0 
12-18-0 
12-18-0 1,1	1,1	1,1	1,1	1,1	1,1	1,1	1,3	1,1
12-18-0 
12-18-0 
12-18-0 
12-18-0 
12-18-0 
12-18-0 
12-18-0 
12-18-0 
12-18-0 8,1	8,1	8,1
12-18-0 
12-18-0 
12-18-0 
12-18-0 
12-18-0 11,1	11,1	11,1	11,1	10,1	2,2	2,1	2,1	2,1	2,1	2,1
12-18-0 2,1	2,3	2,1	2,1	2,1	2,1
12-18-0 3,1	3,1	3,1	2,1	2,1	2,1	2,1	2,1	2,3	2,1
12-18-0 
12-18-0 12,1	12,1	12,1	12,1	12,1	12,1	12,3
12-18-0 
12-18-0 4,1	4,1
12-18-0 
12-18-0 1,3	1,1	1,4
12-18-0 
12-18-0 
12-18-0 1,1	1,3	1,1	1,1	1,1
12-18-0 1,1	1,3	1,1
12-18-0 
12-18-0 
12-18-0 
12-18-0 
12-18-0 4,1	4,3	4,1	4,1	4,1	4,1	4,1	4,1	4,1
12-18-0 
12-18-0 
12-18-0 
12-18-0 1,1	1,1	1,1	1,1	1,1	1,1	1,1	1,3
12-18-0 
12-18-0 1,1	1,3	1,1	1,1	1,1	1,1	1,1	1,1	1,1	1,1
12-18-0 16,3	16,1	16,1	16,1	16,1	16,1	16,1	10,1	10,1	10,1	10,1
12-18-0 
12-18-0 
12-18-0 
12-18-0 
12-18-0 1,1	1,3	1,1	1,1
12-18-0 
12-18-0 
12-18-0 
12-18-0 
12-18-0 
12-18-0 
12-18-0 
12-18-0 
12-18-0 
12-18-0 
12-18-0 6,1	6,1	6,1	6,1	6,1	6,3	6,1	6,4	6,1	6,1	6,1	4,1	4,1
12-18-0 
12-18-0 
12-17-0 
12-17-0 
12-17-0 
12-17-0 
12-17-0 5,1	5,1	5,3	5,4	5,4
12-17-0 
12-17-0 
12-17-0 
12-17-0 
12-17-0 
12-17-0 
12-17-0 
12-17-0 
12-17-0 
12-17-0 
12-17-0 5,1	5,4	5,1	5,1	4,1	4,4	4,1	4,1
12-17-0 
12-17-0 1,1	1,3	1,1	1,1	1,1	1,1
12-17-0 
12-17-0 
12-17-0 
12-17-0 6,1	6,1
12-17-0 3,1	3,1	3,2	1,1	1,1	1,1	1,1	1,1	1,1	1,1
12-17-0 
12-17-0 
12-17-0 
12-17-0 1,1	1,3	1,1	1,1	1,1	1,1	1,1	1,1	1,1
12-17-0 
12-17-0 5,1	5,1	5,1	5,1	5,3	5,4	1,1	1,1	1,1	1,1
12-17-0 
12-17-0 
12-17-0 
12-17-0 
12-17-0 
12-17-0 1,3	1,1	1,3	1,1
12-17-0 25,1	25,1	25,1	25,4	25,1	25,1	25,1	25,1	25,1	19,1	19,1	19,1	17,3	17,4	16,1	16,1	16,1
12-17-0 4,1	4,1
12-17-0 
12-17-0 5,3	5,1	2,1	2,1
12-17-0 
12-17-0 
12-17-0 
12-17-0 
12-17-0 1,1	1,1	1,1	1,1	1,1	1,1	1,1	1,3
12-17-0 
12-17-0 16,1
12-17-0 2,1	2,2	2,1	2,3	2,1	2,1	2,1	2,1	2,1	1,1	1,1	1,1	1,1
12-17-0 
12-17-0 
12-17-0 
12-17-0 
12-17-0 8,1	8,1	8,1	8,1
12-17-0 
12-17-0 
12-17-0 1,3	1,1
12-17-0 
12-17-0 14,1	14,1	1,1	1,1	1,1
12-17-0 4,3	4,1	4,1	4,1	4,1	4,1	4,1
12-17-0 
12-17-0 
12-17-0 
12-17-0 10,1	10,1	10,1	10,1	10,1	10,1	10,1	10,1	10,1
12-17-0 
12-17-0 21,1	21,2	19,1	19,1	19,1	18,1	18,1	1,1	1,1	1,2	1,1
12-17-0 
12-17-0 
12-17-0 
12-17-0 2,1	2,3	2,1	2,2	1,1	1,1
12-17-0 
12-17-0 4,1	4,1	3,1	3,1	3,1	3,1	3,1	2,1	2,1	2,1	2,1	2,1	2,1	2,1	1,1	1,1	1,1
12-17-0 
12-17-0 
12-17-0 
12-17-0 
12-17-0 5,3	5,1	5,1	1,1	1,1
12-17-0 
12-17-0 
12-17-0 
12-17-0 2,1	2,1	2,1	2,1	2,1	2,1
12-17-0 
12-17-0 1,1	1,1
12-17-0 19,1	19,1	19,3	19,1	19,1	19,1	19,1	19,1	19,1	4,1	1,1	1,1	1,1	1,1	1,1
12-17-0 
12-17-0 
12-17-0 
12-17-0 
12-17-0 
12-17-0 
12-17-0 
12-17-0 
12-17-0 
12-17-0 1,1	1,3	1,1	1,1
12-17-0 
12-17-0 
12-17-0 
12-17-0 
12-17-0 
12-17-0 
12-17-0 1,1
12-17-0 
12-17-0 
12-17-0 
12-17-0 6,1	6,1	6,1	6,1	6,1	6,4	4,1	4,1	1,1	1,1	1,3	1,1
12-17-0 1,1	1,1	1,1	1,1	1,1	1,3	1,1
12-17-0 
12-17-0 
12-17-0 2,1	2,1
12-17-0 
12-17-0 
12-17-0 
12-17-0 
12-17-0 3,1	1,1	1,1	1,1
12-17-0 2,3	2,1	2,1	2,1
12-17-0 
12-17-0 
12-17-0 
12-17-0 4,1	4,3	4,4	4,1	4,1	4,1	4,1	4,1	4,1	4,1
12-17-0 
12-17-0 10,1	10,1	10,1	10,3	9,1	9,1	9,1	9,1	5,1	5,1	1,1	1,3	1,1	1,1	1,1	1,1	1,3
12-17-0 
12-17-0 
12-17-0 
12-17-0 28,1	28,1	13,2	13,3	13,1	13,1	13,1	9,1	9,1	9,1	9,1	9,4	9,1	9,1	9,1	9,1	9,1	9,1	9,1	9,3
12-17-0 
12-17-0 
12-17-0 
12-17-0 
12-17-0 1,1	1,1	1,1
12-17-0 
12-17-0 
12-17-0 
12-17-0 1,3	1,1	1,1
12-17-0 1,1	1,3	1,1	1,1
12-17-0 3,3	3,1	3,1	3,1
12-17-0 
12-17-0 2,1	2,1	2,1	2,1	2,1	2,1	2,2	2,1	2,1	2,1	2,1	2,1	2,1	2,1	2,1	2,1	2,3	1,1	1,1	1,1	1,1	1,1	1,1	1,1
12-17-0 
12-17-0 
12-17-0 
12-17-0 2,1	2,1	2,1	2,1	2,1	1,1	1,1	1,1	1,1	1,1	1,1
12-17-0 
12-17-0 5,3	5,1	5,1
12-17-0 
12-17-0 1,3	1,1	1,1
12-17-0 
12-17-0 
12-17-0 
12-17-0 
12-17-0 2,1	2,1	2,1	2,1	1,1	1,1
12-17-0 
12-17-0 
12-17-0 
12-17-0 
12-17-0 1,1	1,1	1,1	1,1	1,1
12-17-0 3,2	3,1	3,1	3,1	3,1	3,1	3,1	3,1	3,1	3,1
12-17-0 
12-17-0 
12-17-0 5,4	5,1
12-17-0 
12-17-0 2,1	2,1	2,1
12-17-0 1,1	1,3	1,1
12-17-0 1,3	1,1	1,1
12-17-0 
12-17-0 
12-17-0 
12-17-0 
12-17-0 
12-17-0 
12-17-0 
12-17-0 1,3	1,1	1,1	1,1	1,2	1,1
12-17-0 2,1	2,1	2,3	2,1	2,1	2,1	2,1	2,1	2,1	2,1
12-17-0 
12-17-0 
12-17-0 
12-17-0 
12-17-0 
12-17-0 
12-17-0 
12-17-0 1,1	1,1
12-17-0 12,4	12,1	12,1	12,1	12,1
12-17-0 
12-17-0 18,1	18,1	18,1	18,1
12-17-0 1,1	1,1	1,3	1,1	1,1
12-17-0 
12-17-0 5,1	1,1	1,1
12-17-0 
12-17-0 
12-17-0 
12-17-0 1,1	1,1	1,1
12-17-0 1,1	1,1	1,1	1,1	1,1
12-17-0 14,1	2,1	2,1
12-17-0 
12-17-0 4,3	4,1	4,1	4,1	4,1	4,1	4,1	4,1	4,1	4,4	4,4	4,4	4,4	1,1	1,1	1,1	1,1	1,1
12-17-0 2,1	2,1	2,1	2,1	1,1	1,1	1,1	1,1	1,1	1,1	1,1	1,1	1,1
12-17-0 
12-17-0 
12-17-0 
12-17-0 
12-17-0 18,1	18,1	18,1	18,1
12-17-0 
12-17-0 
12-17-0 
12-17-0 
12-17-0 
12-17-0 
12-17-0 
12-17-0 4,1	4,1	4,1	4,1	4,1	4,1	4,1	1,1	1,1	1,1
12-17-0 1,3	1,1
12-17-0 6,1	6,1	6,1	6,1	6,3
12-17-0 5,1	5,1
12-17-0 1,1
12-17-0 
12-17-0 
12-17-0 1,1
12-17-0 
12-17-0 
12-17-0 
12-17-0 1,1	1,1	1,3
12-17-0 
12-17-0 1,1	1,1	1,3	1,1	1,1	1,1
12-17-0 
12-17-0 
12-17-0 1,3	1,1	1,1
12-17-0 1,1	1,3
12-17-0 
12-17-0 
12-17-0 2,1	2,3
12-17-0 
12-17-0 
12-17-0 
12-17-0 
12-17-0 
12-17-0 2,3	2,1	2,1	2,1	1,1	1,1	1,1	1,1	1,1	1,1	1,1	1,1	1,1
12-17-0 
12-17-0 
12-17-0 
12-17-0 
12-17-0 
12-17-0 
12-17-0 3,1
12-17-0 
12-17-0 
12-17-0 
12-17-0 
12-17-0 7,1	7,1	7,1
12-17-0 
12-17-0 
12-17-0 10,2	10,1	10,1	9,1	9,1	9,3	8,1	8,1	8,1	8,1
12-17-0 1,1	1,1	1,2	1,1	1,1	1,1
12-17-0 
12-17-0 
12-17-0 2,3	2,1	1,1	1,1
12-17-0 
12-17-0 
12-17-0 20,1	10,2	10,1	10,1	9,1	9,1	9,1	9,1	9,3	9,1	8,1	8,1	3,1	3,1
12-17-0 
12-17-0 2,1	2,1	2,1	2,1
12-17-0 
12-17-0 1,1	1,1	1,1	1,3
12-17-0 6,1	6,1	6,1	6,1	6,1	6,1	6,1	6,2	6,1	5,1	5,2	5,1	5,1	5,1	5,1	5,1	2,1	2,1	2,1	2,1	2,1	2,1	2,1
12-17-0 
12-17-0 
12-17-0 
12-17-0 
12-17-0 18,1	18,1	14,1	14,1	9,1	9,1	6,1	6,1	2,1	2,1
12-17-0 1,1	1,1	1,1	1,1	1,1	1,1
12-17-0 3,3	3,1	3,1	3,1	2,1	2,1	2,1	2,1
12-17-0 
12-17-0 
12-17-0 
12-17-0 5,1	5,1	5,1	5,1
12-17-0 
12-17-0 
12-17-0 2,1	2,1	2,1	2,1	2,1	2,3	2,1	2,1	2,4
12-17-0 
12-17-0 5,1	5,1	5,1	4,1	3,1	3,1	3,1	3,1	1,1	1,1	1,1	1,1	1,1	1,1
12-17-0 
12-17-0 
12-17-0 
12-17-0 
12-17-0 1,1
12-17-0 1,3	1,1	1,1
12-17-0 
12-17-0 
12-17-0 1,1	1,1	1,1	1,3	1,1	1,1	1,1	1,1	1,1	1,1
12-17-0 
12-17-0 
12-17-0 
12-17-0 1,1	1,1	1,3	1,1	1,1	1,1
12-17-0 
12-17-0 
12-17-0 1,1	1,1	1,1	1,1	1,1
12-17-0 
12-17-0 
12-17-0 1,1	1,1	1,1
12-17-0 
12-17-0 
12-17-0 
12-17-0 1,1	1,1	1,1	1,1	1,1	1,3	1,1	1,1
12-17-0 5,1	5,1	5,1	3,1	3,1	3,1	3,1	2,1	2,1	2,1
12-17-0 
12-17-0 1,1	1,3	1,1	1,1	1,2	1,1	1,1	1,1
12-17-0 
12-17-0 1,1	1,1	1,1	1,1	1,2
12-17-0 
12-17-0 
12-17-0 
12-17-0 2,1	2,1	2,2	2,1	2,1	2,1	2,1	2,1	2,1	2,1	2,1	1,1	1,1	1,1	1,1	1,1	1,1	1,1	1,1	1,1
12-17-0 
12-17-0 
12-17-0 
12-17-0 2,3	2,1	2,1	2,1	2,1	2,1	1,1	1,1	1,1	1,1
12-17-0 
12-17-0 
12-17-0 11,1	9,3	9,1	9,1	9,1	9,1	9,1	9,1	9,1	8,1	8,1	8,1	8,1	8,1	8,1	8,4	8,4	8,4	8,3	8,4	8,4	8,4	4,3	2,3	2,1	2,1	2,1
12-17-0 
12-17-0 
12-17-0 1,1	1,3	1,1	1,1	1,1	1,1	1,1
12-17-0 19,1	19,1	19,1	9,1	9,1	9,1	4,1	4,1	4,1	4,1	4,1	4,4	4,1	1,1	1,1	1,1	1,1	1,1	1,1
12-17-0 
12-17-0 
12-17-0 2,1	2,1	2,1	2,3	2,1	2,3
12-17-0 4,1	4,1	4,1
12-17-0 
12-17-0 
12-17-0 1,1	1,1	1,1	1,1	1,3	1,1
12-17-0 
12-17-0 2,1	2,2	2,1	2,3	1,1	1,1	1,3
12-17-0 
12-17-0 1,1	1,1	1,1
12-17-0 
12-17-0 
12-17-0 2,1	2,1
12-17-0 
12-17-0 
12-17-0 13,2	13,1	13,1	6,1	6,1	6,1	1,1	1,1	1,1	1,1	1,1	1,1	1,1	1,3
12-17-0 
12-17-0 
12-17-0 5,1	5,1	2,1	2,1	2,1	2,1	2,1
12-17-0 1,1	1,1	1,1	1,1	1,3	1,1	1,1
12-17-0 2,1	2,1	2,1	2,1	1,1	1,1	1,1	1,2	1,1	1,1
12-17-0 1,1	1,3	1,1	1,1	1,1
12-17-0 
12-17-0 
12-17-0 
12-17-0 
12-17-0 1,3	1,3	1,1	1,1	1,1	1,1	1,1
12-17-0 5,1	5,1	5,3
12-17-0 
12-17-0 11,1	11,1	11,1	11,1	11,1	11,1
12-17-0 
12-17-0 1,1	1,1	1,1	1,1
12-17-0 
12-17-0 
12-17-0 4,1	4,1
12-17-0 2,1	2,1	2,3	2,1	2,1	2,1	2,1
12-17-0 
12-17-0 
12-17-0 1,3	1,1	1,1	1,1	1,1	1,1
12-17-0 
12-17-0 
12-17-0 1,1	1,1	1,1	1,1
12-17-0 
12-17-0 2,1	2,1	2,1	2,1	2,1
12-17-0 3,1	3,2	3,1	3,1	3,1	3,1	3,3	3,1	3,1	3,1	1,1	1,1
12-17-0 
12-17-0 
12-17-0 2,1	2,1	2,1	1,1	1,1
12-17-0 2,2	2,1	2,1
12-17-0 
12-17-0 3,1	3,1	3,2	3,1	3,1	3,1	3,1	2,1	2,1	2,1
12-17-0 
12-17-0 1,1	1,3	1,1
12-17-0 
12-17-0 
12-17-0 
12-17-0 
12-17-0 
12-17-0 
12-17-0 
12-17-0 10,1
12-17-0 
12-17-0 
12-17-0 
12-17-0 
12-17-0 
12-17-0 3,1	3,1
12-17-0 
12-17-0 
12-17-0 9,1	9,3	9,2	9,1	9,1	9,4	9,4	9,1	9,1	9,4	9,4	9,4	9,4	9,4	9,1	9,4	9,1	8,1	8,1	1,1	1,1	1,1	1,1	1,1	1,1	1,4	1,3	1,4	1,4	1,4
12-17-0 
12-17-0 1,3	1,1	1,1
12-17-0 1,1	1,1	1,3
12-17-0 1,3	1,1	1,1
12-17-0 
12-17-0 
12-17-0 2,1	2,1
12-17-0 
12-17-0 
12-17-0 
12-17-0 
12-17-0 
12-17-0 
12-17-0 
12-17-0 25,1	25,1	11,1	7,1	7,1	2,2	2,1	2,1	2,1	2,1	1,1	1,1	1,1
12-17-0 
12-17-0 
12-17-0 3,2	3,1	3,1	3,1	2,1	2,1	2,1	2,1	2,1
12-17-0 
12-17-0 1,2	1,1	1,1	1,3	1,1	1,1	1,1	1,1	1,1
12-17-0 
12-17-0 5,2	5,1	5,1	5,1	5,1	4,1	4,1	4,1	4,1	4,3	4,1	4,1	4,1	4,1
12-17-0 22,1	22,1	22,1
12-17-0 
12-17-0 9,1	9,1	1,1	1,1	1,1
12-17-0 
12-17-0 
12-17-0 1,1	1,1	1,3	1,1
12-17-0 16,1	16,1	16,1	16,1	15,1	15,1	15,1	15,1	15,1	15,1	15,1	15,4	15,3	15,1	15,1
12-17-0 
12-17-0 8,1	8,1
12-17-0 
12-17-0 3,1	2,1	2,1	2,1	1,1	1,1
12-17-0 
12-17-0 4,1	4,1	4,1	4,1	2,1	2,1	2,4	2,1	2,4	2,1	2,4	2,4	2,1	2,3	1,1	1,1	1,1
12-17-0 
12-17-0 
12-17-0 3,1	3,1
12-17-0 1,1	1,1	1,3	1,1
12-17-0 21,1	21,1	20,1	20,1	16,1	16,1	1,1	1,1
12-17-0 1,3	1,1
12-17-0 
12-17-0 
12-17-0 
12-17-0 
12-17-0 
12-17-0 1,1	1,1	1,1	1,3
12-17-0 
12-17-0 27,1	27,1	25,1	25,1	11,1	11,1	11,2	11,1	10,1	10,1	10,1	10,1	10,1	9,1	9,1	7,1	7,1	7,1	7,1	3,1	3,1	2,2	2,1	2,1	2,1	2,1	2,1	2,1	2,1	1,1	1,1	1,1	1,1	1,1	1,1
12-17-0 
12-17-0 1,1	1,1	1,1	1,1	1,1	1,1	1,1	1,1
12-17-0 
12-17-0 
12-17-0 
12-17-0 1,1	1,3	1,1	1,1	1,1
12-17-0 5,1	5,2	4,1	4,1	4,1	4,1	4,2	4,1	4,1	2,1	2,1
12-17-0 1,1	1,1	1,3	1,1	1,1	1,1	1,1
12-17-0 
12-17-0 2,1	2,1	2,1	2,1	2,1	1,1	1,1	1,1	1,1	1,1	1,1	1,4
12-17-0 
12-17-0 
12-17-0 1,2	1,1	1,1	1,1
12-17-0 
12-17-0 
12-17-0 
12-17-0 
12-17-0 2,3	2,1	2,1	2,1	2,1	2,1	1,1	1,1	1,1	1,1	1,1	1,1	1,3
12-17-0 1,1	1,1	1,3	1,1
12-17-0 1,1	1,1	1,1	1,1	1,3	1,4	1,1
12-17-0 6,1	6,1	6,1	4,1	4,1
12-17-0 1,3	1,1	1,1
12-17-0 
12-17-0 7,1	7,1	7,2	7,1	7,1	7,1	7,1
12-17-0 18,1	18,1	18,3	13,1	13,1
12-17-0 
12-17-0 
12-17-0 
12-16-0 3,1	3,3	2,1	2,3	2,4
12-16-0 
12-16-0 
12-16-0 
12-16-0 
12-16-0 
12-16-0 2,1	2,1
12-16-0 2,1	2,1	2,1	2,1
12-16-0 2,1	2,1	2,1	2,1
12-16-0 18,2	18,1	13,1	13,1	13,1	3,1	3,1	3,1	2,1	2,1	2,1	2,3
12-16-0 2,1	2,1	1,1	1,1	1,1	1,1	1,1	1,1
12-16-0 
12-16-0 
12-16-0 
12-16-0 
12-16-0 
12-16-0 
12-16-0 
12-16-0 
12-16-0 1,3	1,1
12-16-0 
12-16-0 
12-16-0 1,1	1,1	1,1	1,3	1,1	1,1
12-16-0 
12-16-0 8,1	8,1	8,1	8,1	8,1	8,1	8,1
12-16-0 
12-16-0 
12-16-0 
12-16-0 
12-16-0 2,3	2,1	2,1	2,1	2,1	2,1
12-16-0 
12-16-0 10,1	10,1	10,1	10,1
12-16-0 
12-16-0 2,3	2,1	2,1	2,1	2,1	2,1
12-16-0 
12-16-0 1,1	1,1	1,1
12-16-0 
12-16-0 
12-16-0 21,1	21,1	21,1	21,3	21,1	21,1	20,1	20,3	20,4	20,1	1,1	1,1	1,3	1,1
12-16-0 
12-16-0 
12-16-0 
12-16-0 
12-16-0 
12-16-0 1,1	1,1	1,1	1,3	1,1	1,1	1,1	1,1
12-16-0 
12-16-0 2,1	2,1	2,2	1,1	1,1	1,1	1,1	1,1
12-16-0 6,1	6,1	6,1	3,1	3,1	3,1	3,1
12-16-0 
12-16-0 
12-16-0 
12-16-0 4,1	1,1
12-16-0 
12-16-0 
12-16-0 
12-16-0 
12-16-0 16,1	16,1	16,3	16,1	16,1	15,1	15,1	14,1	14,1	14,1	14,1
12-16-0 3,1
12-16-0 
12-16-0 
12-16-0 
12-16-0 7,4	7,1
12-16-0 27,1	27,1	4,1	4,3	4,1	1,1	1,1	1,1	1,1	1,1	1,1	1,1
12-16-0 2,1	2,3	2,1	2,1	2,1	2,1	2,1	1,1	1,1	1,1	1,1	1,1	1,1
12-16-0 
12-16-0 8,1	8,2	8,1	8,1	8,1	8,1	8,1
12-16-0 
12-16-0 
12-16-0 
12-16-0 
12-16-0 
12-16-0 
12-16-0 
12-16-0 
12-16-0 1,1	1,1	1,1	1,1	1,1	1,2	1,1	1,1	1,1
12-16-0 
12-16-0 
12-16-0 1,1	1,1	1,1	1,3	1,1	1,1
12-16-0 
12-16-0 
12-16-0 
12-16-0 
12-16-0 4,1	4,1	4,3	4,1	4,1	4,1	2,1	2,1	2,1	2,1	2,1	2,1	2,1	1,1	1,1	1,1	1,1	1,1
12-16-0 
12-16-0 2,1	2,1	2,1	2,1	2,1	2,3	1,1	1,1	1,1	1,1	1,1
12-16-0 6,1	6,3	6,1	6,1
12-16-0 
12-16-0 
12-16-0 
12-16-0 26,1	26,3	26,1	26,1	26,1	26,1	26,1	6,1	6,1	6,1
12-16-0 
12-16-0 
12-16-0 
12-16-0 19,1	19,1	19,1	1,1	1,1
12-16-0 
12-16-0 
12-16-0 
12-16-0 
12-16-0 24,1	24,1	24,1	18,1	18,1	18,1	18,1	18,1
12-16-0 
12-16-0 1,1	1,1	1,1
12-16-0 
12-16-0 3,1	3,1	3,3	3,1	3,1	1,1	1,3	1,1	1,1
12-16-0 19,1	19,1	19,1	19,1	18,1	18,1	18,1	18,1	17,1	17,1	17,1	17,1	17,1	17,1	6,1	6,2	6,1	6,1	4,1	4,1	4,1	4,3	4,1	4,1
12-16-0 12,3
12-16-0 
12-16-0 
12-16-0 
12-16-0 
12-16-0 
12-16-0 
12-16-0 19,1	19,1
12-16-0 
12-16-0 2,1	2,1	2,1	2,1	2,1	2,1
12-16-0 
12-16-0 
12-16-0 
12-16-0 
12-16-0 
12-16-0 
12-16-0 10,3	10,1	10,1	10,1	10,4	10,1	10,1	10,1	10,1	9,1	9,1	9,1	9,1	8,1	8,1	4,1	4,1	4,1
12-16-0 
12-16-0 
12-16-0 
12-16-0 2,1	2,1
12-16-0 
12-16-0 
12-16-0 27,1	26,1	26,1	26,1	5,1
12-16-0 1,1
12-16-0 
12-16-0 1,1	1,1	1,1	1,1	1,1	1,2	1,1	1,1	1,1	1,1	1,1
12-16-0 
12-16-0 26,3	26,1	26,1
12-16-0 7,1	7,1	7,3	6,1	6,1	6,1	5,1	5,1	5,1	4,1	4,1	4,3	4,1	4,4
12-16-0 
12-16-0 
12-16-0 
12-16-0 1,1	1,1	1,1	1,1	1,1
12-16-0 
12-16-0 1,3	1,1	1,1	1,1	1,1
12-16-0 
12-16-0 4,1	4,1	4,3	4,1	4,3	4,3
12-16-0 
12-16-0 
12-16-0 1,1	1,1	1,1
12-16-0 6,1	6,1	5,1	5,1	1,1	1,1
12-16-0 3,1	1,1	1,4	1,3	1,1	1,1	1,1	1,1
12-16-0 3,1	3,1	3,1
12-16-0 12,1	12,1	12,1	12,1	12,3	12,1	12,1	12,3	12,1	12,1	12,4	11,1	11,1	10,1	10,1	10,1	1,1	1,1	1,1	1,3	1,1	1,1
12-16-0 1,1
12-16-0 
12-16-0 
12-16-0 1,1	1,3	1,1	1,1	1,1	1,1	1,3	1,1	1,1	1,1	1,1	1,1
12-16-0 
12-16-0 1,1	1,1	1,1
12-16-0 2,1	2,1	2,1	2,2	1,1	1,1	1,1
12-16-0 
12-16-0 
12-16-0 12,1	12,1	12,1	1,1
12-16-0 
12-16-0 
12-16-0 2,3	2,1	2,1	2,1
12-16-0 
12-16-0 
12-16-0 
12-16-0 
12-16-0 
12-16-0 5,1	5,1	5,1	5,1	5,1	1,1	1,1
12-16-0 1,1	1,1	1,3	1,1	1,1
12-16-0 1,1	1,1	1,3	1,1	1,1	1,1	1,1	1,1
12-16-0 14,3	14,1	14,1	13,1	1,1	1,1	1,3	1,1	1,1	1,1	1,1	1,1	1,1	1,1
12-16-0 
12-16-0 
12-16-0 
12-16-0 4,1	4,1	4,1
12-16-0 6,1	6,1	6,1	6,3	1,1	1,1	1,1	1,1
12-16-0 
12-16-0 
12-16-0 
12-16-0 
12-16-0 
12-16-0 
12-16-0 
12-16-0 
12-16-0 4,1	4,2	4,1
12-16-0 
12-16-0 
12-16-0 
12-16-0 
12-16-0 
12-16-0 
12-16-0 2,1	2,3	2,1	1,1	1,1	1,1	1,1	1,1	1,1
12-16-0 
12-16-0 8,1	1,1	1,1	1,1	1,3	1,1
12-16-0 
12-16-0 
12-16-0 2,1	2,3	2,1	2,1	2,1	2,1	2,1	2,1	1,1	1,1	1,1	1,1	1,3	1,1	1,1
12-16-0 3,1	3,1	3,3	3,1	3,1	3,1	3,1
12-16-0 
12-16-0 1,1	1,1	1,1	1,1	1,1	1,1	1,1	1,1	1,3
12-16-0 
12-16-0 
12-16-0 
12-16-0 
12-16-0 4,1	1,1	1,1	1,1
12-16-0 1,1	1,1	1,3
12-16-0 
12-16-0 2,1	2,1	2,1	1,1	1,1	1,1	1,1
12-16-0 
12-16-0 
12-16-0 
12-16-0 
12-16-0 
12-16-0 
12-16-0 
12-16-0 6,1	3,1	3,1	3,1
12-16-0 
12-16-0 
12-16-0 1,1	1,1
12-16-0 1,1	1,1	1,1	1,1
12-16-0 1,1	1,1	1,1	1,1	1,1	1,1	1,1
12-16-0 
12-16-0 
12-16-0 
12-16-0 18,1	18,1	18,1	18,4	18,1	18,1	18,1	18,1	17,1	17,1	10,1	10,1	10,1	10,1
12-16-0 
12-16-0 
12-16-0 
12-16-0 1,1	1,3
12-16-0 
12-16-0 5,1	5,1	5,1	1,1	1,1
12-16-0 
12-16-0 
12-16-0 2,1	1,1	1,1	1,1
12-16-0 
12-16-0 12,1	12,1	9,1	9,3	9,1	9,1	9,1	9,1
12-16-0 1,1	1,1	1,1	1,1	1,1	1,1
12-16-0 
12-16-0 
12-16-0 3,1	3,1	3,1	1,1	1,1
12-16-0 
12-16-0 1,1	1,1
12-16-0 2,1	2,1	2,1	2,1	2,1	2,1	2,1	1,1	1,1	1,1	1,1
12-16-0 4,1	4,1	3,1	3,1
12-16-0 
12-16-0 
12-16-0 
12-16-0 
12-16-0 
12-16-0 
12-16-0 18,2	18,1	18,1	15,1	6,1	6,1	5,1	5,1	5,3	5,1
12-16-0 1,1	1,1	1,1
12-16-0 
12-16-0 
12-16-0 2,1	2,1	2,1	2,1
12-16-0 
12-16-0 
12-16-0 2,1	2,1	2,1	2,3	2,1	2,1	2,1	2,1	2,1
12-16-0 3,1
12-16-0 
12-16-0 
12-16-0 
12-16-0 12,1	12,1	12,1
12-16-0 
12-16-0 15,1	15,1
12-16-0 
12-16-0 
12-16-0 
12-16-0 1,1	1,1	1,3	1,1	1,1
12-16-0 
12-16-0 
12-16-0 
12-16-0 
12-16-0 
12-16-0 
12-16-0 2,1
12-16-0 
12-16-0 
12-16-0 10,1	10,1	10,4	10,1	10,1	10,1	10,1	10,1	10,3	10,1	10,1	10,1	7,1	7,1
12-16-0 3,1	3,1	3,3	1,1
12-16-0 
12-16-0 7,1	7,1	7,1	7,4	7,3	7,1	6,1	6,1	6,1	5,1	5,1	5,1	5,1	5,3	5,4	4,1	4,1	1,1	1,1	1,1	1,3	1,1	1,1
12-16-0 5,1	5,1
12-16-0 
12-16-0 
12-16-0 
12-16-0 
12-16-0 
12-16-0 
12-16-0 
12-16-0 
12-16-0 
12-16-0 15,1	15,1	15,3	13,1	13,1	13,1	13,1	13,1	13,1
12-16-0 
12-16-0 
12-16-0 
12-16-0 1,1	1,1	1,3	1,1	1,1
12-16-0 
12-16-0 1,1	1,1
12-16-0 
12-16-0 1,3
12-16-0 
12-16-0 
12-16-0 2,1	2,3	2,1	1,1	1,1	1,1
12-16-0 
12-16-0 3,1	3,1	3,3
12-16-0 
12-16-0 
12-16-0 4,1	4,1	4,1	4,1	4,1	4,1	4,1	4,1	3,1	3,1	3,1	3,1	3,1	1,1	1,1	1,1
12-16-0 1,1	1,1	1,3	1,1	1,1	1,1	1,1	1,1
12-16-0 
12-16-0 2,3	2,1	2,1	2,1	1,1	1,1	1,1	1,1	1,1
12-16-0 
12-16-0 2,1	2,1	2,1	2,1	1,1	1,1	1,1	1,1	1,1	1,1	1,3	1,1
12-16-0 1,1	1,1	1,1	1,1	1,1	1,1
12-16-0 3,1	3,1
12-16-0 2,1	2,1	2,1	2,1	2,1	2,1	2,1	2,2	2,1	1,1	1,1
12-16-0 
12-16-0 2,1	2,1	2,1	2,1	2,1	2,3	1,1	1,1
12-16-0 
12-16-0 7,1	7,3	7,1	7,1
12-16-0 11,1	11,1
12-16-0 1,1	1,1	1,1	1,2
12-16-0 
12-16-0 
12-16-0 
12-16-0 9,1	9,1	9,1	6,1	6,1	5,1	5,1	1,1	1,1
12-16-0 
12-16-0 
12-16-0 1,1	1,1	1,1	1,3	1,1
12-16-0 
12-16-0 
12-16-0 1,1	1,1	1,1
12-16-0 
12-16-0 
12-16-0 
12-16-0 1,1	1,1	1,1	1,3	1,1
12-16-0 4,1	4,1
12-16-0 6,1	6,1	6,3	6,1	3,1	3,1	3,1	3,1	3,3	3,4	1,3
12-16-0 
12-16-0 
12-16-0 
12-16-0 1,1	1,1	1,1	1,1	1,1
12-16-0 5,1	5,1	4,1	4,1	4,1	4,1
12-16-0 
12-16-0 22,1	8,1	8,1	8,1	8,1	3,1	3,1	3,1	3,1
12-16-0 
12-16-0 11,1	11,1	11,1	11,2	11,1
12-16-0 
12-16-0 
12-16-0 
12-16-0 
12-16-0 
12-16-0 
12-16-0 
12-16-0 12,1	12,1	12,1	12,1	12,1	12,1	12,1	12,1	12,1
12-16-0 21,1	21,1	21,1	21,1	18,1	18,1	18,1	18,1	18,1	18,1
12-16-0 4,1	4,3	4,1	4,1	4,1	4,1	4,1	4,1	4,1	4,1	4,1	4,4	4,1
12-16-0 
12-16-0 12,3
12-16-0 9,1	9,1	6,1	6,1	6,1	6,1	5,4
12-16-0 
12-16-0 
12-16-0 
12-16-0 
12-16-0 
12-16-0 
12-16-0 
12-16-0 3,1	3,2	3,1	3,1	3,3	3,1	3,1	3,1	3,1	3,1
12-16-0 
12-16-0 
12-16-0 1,1	1,1	1,1	1,1
12-16-0 
12-16-0 
12-16-0 3,1	3,1	3,4	3,1	3,1	3,1	3,1	3,1	3,1
12-16-0 11,1	11,1	11,1	11,1	11,1	11,1	11,3	1,1	1,1	1,1
12-16-0 
12-16-0 
12-16-0 
12-16-0 
12-16-0 1,1	1,1	1,3	1,1
12-16-0 
12-16-0 17,1	17,1	17,3	17,1
12-16-0 
12-16-0 1,1	1,1	1,1
12-16-0 
12-16-0 1,1	1,1	1,1
12-16-0 
12-16-0 
12-16-0 
12-16-0 1,1	1,1	1,3
12-16-0 
12-16-0 1,3	1,1	1,1	1,1	1,1	1,1	1,1
12-16-0 27,1	26,2	26,1	22,1
12-16-0 
12-16-0 
12-16-0 
12-16-0 
12-16-0 
12-16-0 18,2	18,1	13,1	13,1	13,1	13,1	2,1	2,3
12-16-0 
12-16-0 18,1	18,1	18,1	18,2	6,1	6,1	6,3	6,1	3,1	1,1	1,1	1,1	1,1
12-16-0 5,1	5,1	5,3	5,1	5,1	5,1	5,1	4,1	4,1	4,1	4,1	4,1	4,1	4,1
12-16-0 
12-16-0 
12-16-0 26,1	26,1	26,3	6,1	6,1	6,1
12-16-0 1,1	1,1
12-16-0 
12-16-0 
12-16-0 
12-16-0 
12-16-0 1,1	1,1	1,1
12-16-0 
12-16-0 
12-16-0 1,3	1,1	1,1	1,1	1,1	1,1	1,1
12-16-0 
12-16-0 1,2	1,3	1,1	1,1	1,1	1,1
12-16-0 
12-16-0 8,1	8,3	8,2	8,1	8,1	8,4	8,4	8,1	8,1	8,4	8,4	8,4	8,4	8,4	8,1	8,4	8,1	7,1	7,1
12-16-0 
12-16-0 2,1	2,1	2,1
12-16-0 
12-16-0 
12-16-0 28,1	28,1	28,1	27,1	27,1	27,1	27,1	27,1	27,1
12-16-0 6,1	6,1	5,1	5,1	1,1	1,1
12-16-0 
12-16-0 3,1	3,1	1,1	1,1	1,3	1,1	1,1	1,1
12-16-0 
12-16-0 
12-16-0 
12-16-0 1,1	1,1	1,1	1,1	1,1	1,3	1,1
12-16-0 
12-16-0 
12-16-0 4,3	4,1	4,1
12-16-0 
12-16-0 
12-16-0 
12-16-0 
12-16-0 
12-16-0 
12-16-0 
12-16-0 
12-16-0 
12-16-0 
12-16-0 
12-16-0 
12-16-0 
12-16-0 6,3	6,1	5,1	5,1	5,1
12-16-0 
12-16-0 
12-16-0 
12-16-0 3,1	3,1	3,3	3,1	3,1
12-16-0 1,1	1,2	1,1	1,1	1,1
12-16-0 
12-16-0 1,1	1,1	1,1	1,1	1,1
12-16-0 
12-16-0 
12-16-0 
12-16-0 
12-16-0 
12-16-0 
12-16-0 
12-16-0 
12-16-0 
12-16-0 
12-16-0 1,1	1,1	1,1	1,1	1,1	1,1
12-16-0 2,1	2,1	2,1	1,1	1,1	1,1	1,1	1,1	1,1	1,1
12-16-0 11,2	11,1	11,1
12-16-0 
12-16-0 
12-16-0 2,1	2,1	2,1
12-16-0 2,1	2,1	2,1	1,1	1,1	1,1
12-16-0 3,1	3,3	3,1	1,1
12-16-0 2,1	2,1	2,1	1,1	1,1	1,3	1,1	1,1
12-16-0 
12-16-0 
12-16-0 
12-16-0 1,1	1,1	1,1	1,1	1,3
12-16-0 1,1	1,3
12-16-0 
12-16-0 
12-16-0 5,1	5,1
12-16-0 1,1	1,1	1,1	1,1	1,1
12-16-0 3,1
12-16-0 12,3	12,1	12,1
12-16-0 1,1	1,1
12-16-0 
12-16-0 
12-16-0 
12-16-0 
12-16-0 
12-16-0 
12-16-0 
12-16-0 
12-16-0 
12-16-0 
12-16-0 
12-16-0 1,1	1,1	1,1	1,1
12-15-0 1,1	1,1
12-15-0 
12-15-0 
12-15-0 
12-15-0 
12-15-0 
12-15-0 
12-15-0 
12-15-0 
12-15-0 14,2	14,1	14,1	14,1	14,1	14,1	14,1	14,1	4,1	4,1	4,1	4,1	3,1	3,1	3,1	2,1	2,1	1,1	1,1	1,1	1,1
12-15-0 1,3	1,1	1,1	1,1	1,3	1,1	1,1
12-15-0 1,1	1,3
12-15-0 
12-15-0 
12-15-0 1,3	1,1
12-15-0 
12-15-0 4,1	4,1	4,1	1,1	1,1	1,3	1,1	1,1	1,1	1,1	1,1	1,1
12-15-0 
12-15-0 
12-15-0 
12-15-0 
12-15-0 
12-15-0 
12-15-0 
12-15-0 7,1	7,1	7,3	7,1	7,1	6,1	6,1	5,1	5,1	5,1
12-15-0 
12-15-0 
12-15-0 
12-15-0 
12-15-0 
12-15-0 
12-15-0 10,1	10,1	10,1	9,1	9,1	9,1
12-15-0 16,3	16,1	16,1	16,1	16,1	15,1	15,1	2,1	2,1
12-15-0 
12-15-0 
12-15-0 
12-15-0 
12-15-0 
12-15-0 5,3	5,1	5,1	5,2	5,1	5,1	3,1	3,1
12-15-0 
12-15-0 
12-15-0 
12-15-0 
12-15-0 
12-15-0 
12-15-0 
12-15-0 
12-15-0 4,1	4,1	4,3	4,1	4,1	1,1	1,1
12-15-0 
12-15-0 
12-15-0 
12-15-0 
12-15-0 
12-15-0 
12-15-0 
12-15-0 2,1	2,1	2,1	2,3
12-15-0 
12-15-0 2,1	2,1	2,1	2,1	2,3	2,1	2,1
12-15-0 2,1	2,3
12-15-0 
12-15-0 
12-15-0 
12-15-0 
12-15-0 
12-15-0 
12-15-0 1,1	1,1
12-15-0 
12-15-0 
12-15-0 
12-15-0 
12-15-0 7,3	7,1	7,1	2,1	2,1
12-15-0 4,1	4,1	4,1
12-15-0 
12-15-0 
12-15-0 1,1	1,1	1,1
12-15-0 
12-15-0 
12-15-0 23,1	23,1	5,1	5,1	5,1	5,1	5,1	5,1	5,1
12-15-0 
12-15-0 
12-15-0 
12-15-0 2,1	2,1	2,1	2,1	2,1	2,3	2,1	2,1	2,1
12-15-0 
12-15-0 
12-15-0 
12-15-0 
12-15-0 
12-15-0 
12-15-0 
12-15-0 2,1	2,1	2,3	2,1	2,1	2,1
12-15-0 
12-15-0 2,2	2,1	2,1	2,1	2,1	2,1	2,1	2,1	1,1	1,1	1,1
12-15-0 1,1	1,1	1,1	1,1	1,1
12-15-0 
12-15-0 
12-15-0 
12-15-0 7,1	7,1	7,1	7,3	7,2	7,1	7,1	6,1	6,1	6,1	5,1	5,1	5,1	5,1	3,1	3,1	3,1
12-15-0 1,1
12-15-0 
12-15-0 
12-15-0 
12-15-0 9,1	9,1
12-15-0 
12-15-0 
12-15-0 
12-15-0 
12-15-0 
12-15-0 
12-15-0 
12-15-0 
12-15-0 
12-15-0 4,1	4,3	4,1	4,1	4,1	4,1	4,1
12-15-0 
12-15-0 7,1	7,1
12-15-0 1,1	1,1	1,3
12-15-0 20,1	20,3	20,1	17,1	17,1	17,1	14,1	11,2	11,1	11,1	11,1	11,1	2,1
12-15-0 1,1	1,1	1,1
12-15-0 
12-15-0 
12-15-0 
12-15-0 24,1	24,4	5,1
12-15-0 
12-15-0 
12-15-0 5,1	5,1	5,1	4,1	4,1	3,1	3,1	3,4
12-15-0 20,1	20,1	1,1	1,1	1,1	1,1
12-15-0 
12-15-0 2,1
12-15-0 
12-15-0 
12-15-0 
12-15-0 4,1	4,1	1,1	1,1
12-15-0 
12-15-0 1,1	1,1
12-15-0 
12-15-0 
12-15-0 1,1	1,3	1,1
12-15-0 
12-15-0 1,1	1,1
12-15-0 
12-15-0 
12-15-0 1,1	1,3	1,1	1,1	1,1	1,1
12-15-0 16,1
12-15-0 24,1	24,1	24,1	5,3	5,1	5,4	5,1	5,1	5,1	5,1	5,1	5,1
12-15-0 
12-15-0 
12-15-0 
12-15-0 1,1	1,1	1,1
12-15-0 
12-15-0 3,3	3,1	3,1	3,1	3,1
12-15-0 
12-15-0 
12-15-0 
12-15-0 
12-15-0 17,1	17,1
12-15-0 
12-15-0 6,1	6,1	6,1	6,1	6,1	6,1	6,1	2,1	2,1	2,1	2,1	2,1
12-15-0 
12-15-0 1,1	1,1	1,1	1,1	1,1	1,1	1,1	1,1
12-15-0 
12-15-0 1,1
12-15-0 
12-15-0 
12-15-0 
12-15-0 6,1	6,1
12-15-0 
12-15-0 4,1	4,3	4,1
12-15-0 
12-15-0 
12-15-0 
12-15-0 
12-15-0 23,1	23,1	5,1	5,1	5,1	5,3	2,1	2,1
12-15-0 12,1	12,1
12-15-0 
12-15-0 
12-15-0 
12-15-0 
12-15-0 
12-15-0 
12-15-0 
12-15-0 
12-15-0 
12-15-0 1,1	1,1	1,3	1,1	1,1	1,1	1,1	1,1	1,1	1,1	1,1	1,1	1,1
12-15-0 
12-15-0 16,1	16,1	16,1	16,1	16,3	16,1	3,1	3,1
12-15-0 
12-15-0 
12-15-0 
12-15-0 20,1	20,1	20,1	14,1	14,1	14,3	14,1	14,1	14,1
12-15-0 
12-15-0 
12-15-0 16,3	16,1	16,1	4,1	4,1	3,1	3,1
12-15-0 
12-15-0 
12-15-0 
12-15-0 
12-15-0 
12-15-0 
12-15-0 
12-15-0 13,1	13,1
12-15-0 
12-15-0 17,1	17,1	17,1	17,1	17,2	17,1	16,1	16,1	15,1	15,1	14,1	14,1	13,1	13,1	3,1	3,1	3,1	3,1	2,1	2,1	2,1	2,1	2,1	1,1	1,1	1,1
12-15-0 
12-15-0 
12-15-0 
12-15-0 22,1	22,3	22,1	22,4	22,1	22,1	22,1	18,1	18,1
12-15-0 
12-15-0 1,1	1,1	1,1	1,1
12-15-0 
12-15-0 
12-15-0 
12-15-0 
12-15-0 
12-15-0 
12-15-0 1,1	1,1	1,1	1,1	1,1
12-15-0 
12-15-0 4,1	4,1	4,1	4,2	4,1	3,1
12-15-0 1,3	1,1
12-15-0 
12-15-0 16,1	4,1	1,3	1,1
12-15-0 
12-15-0 
12-15-0 
12-15-0 1,3	1,1	1,1
12-15-0 
12-15-0 
12-15-0 
12-15-0 
12-15-0 
12-15-0 1,1	1,1	1,1	1,1	1,3
12-15-0 18,1	18,1	18,1	1,1	1,1	1,1	1,3	1,1	1,1	1,1
12-15-0 15,1	15,3	15,1	15,1
12-15-0 18,1	18,3	18,1	18,1	18,1	18,1
12-15-0 
12-15-0 
12-15-0 15,1	15,1	15,3	15,1	15,1	15,1	15,3	15,1	15,1	15,1	13,1	13,1	3,1	3,1	1,1	1,1	1,1
12-15-0 
12-15-0 
12-15-0 
12-15-0 
12-15-0 
12-15-0 
12-15-0 
12-15-0 2,1	2,1
12-15-0 1,1	1,3	1,1
12-15-0 5,1
12-15-0 
12-15-0 
12-15-0 
12-15-0 
12-15-0 
12-15-0 1,1	1,1
12-15-0 
12-15-0 1,3	1,1
12-15-0 
12-15-0 
12-15-0 1,1	1,1	1,1	1,3	1,1
12-15-0 
12-15-0 
12-15-0 
12-15-0 
12-15-0 
12-15-0 
12-15-0 7,1
12-15-0 
12-15-0 
12-15-0 
12-15-0 2,2	2,1	2,1	2,1	2,1	1,1	1,1
12-15-0 
12-15-0 
12-15-0 
12-15-0 
12-15-0 
12-15-0 2,1	2,3
12-15-0 15,1	15,3	8,1	8,1
12-15-0 
12-15-0 11,1	11,1	11,1	11,3	11,1	11,1	10,1	10,4	7,1	7,1
12-15-0 5,3	5,1	5,1	5,1	5,1
12-15-0 1,1	1,1	1,1	1,3
12-15-0 
12-15-0 1,1	1,1	1,1	1,1	1,1	1,1	1,1	1,1
12-15-0 
12-15-0 
12-15-0 
12-15-0 
12-15-0 
12-15-0 
12-15-0 
12-15-0 
12-15-0 
12-15-0 
12-15-0 1,1	1,1	1,1
12-15-0 
12-15-0 
12-15-0 
12-15-0 
12-15-0 
12-15-0 7,1	7,1	7,1	7,1	7,1	6,1	6,1	6,1	6,1	6,1	6,1	4,1	4,1	4,1	4,1	3,1	2,1	2,1	2,1
12-15-0 2,1
12-15-0 
12-15-0 
12-15-0 
12-15-0 
12-15-0 
12-15-0 
12-15-0 
12-15-0 
12-15-0 
12-15-0 1,3	1,1	1,1	1,1	1,1	1,1
12-15-0 
12-15-0 
12-15-0 
12-15-0 
12-15-0 
12-15-0 6,1	6,2	6,1	6,3	6,1	6,1	5,1	5,1	5,1
12-15-0 3,1	3,1	3,1	3,1	3,1	3,1	3,1
12-15-0 
12-15-0 
12-15-0 
12-15-0 
12-15-0 1,1	1,1	1,1	1,2	1,3
12-15-0 1,1	1,1	1,1	1,1	1,3	1,1
12-15-0 
12-15-0 
12-15-0 
12-15-0 1,1
12-15-0 4,3	4,1	4,1	3,4	3,1	3,1	3,1	3,1
12-15-0 
12-15-0 13,1	13,1	13,1	13,3	13,1	12,1	12,1	12,1	12,1	12,1	12,3	12,1	12,4	6,1	6,1	6,3	6,1	6,1	6,4	2,1	2,1	2,1	2,1
12-15-0 
12-15-0 12,1	12,3	12,4	12,1	12,1	6,3	6,1	6,1	6,1	6,1	6,4	6,1	6,1	3,1	3,1
12-15-0 
12-15-0 
12-15-0 1,1	1,3	1,1	1,1	1,1	1,1	1,1	1,1
12-15-0 10,1	10,1
12-15-0 1,3	1,1	1,1	1,1
12-15-0 
12-15-0 
12-15-0 
12-15-0 
12-15-0 
12-15-0 
12-15-0 
12-15-0 
12-15-0 
12-15-0 
12-15-0 1,1	1,1
12-15-0 
12-15-0 2,1	2,1	2,1
12-15-0 
12-15-0 
12-15-0 
12-15-0 1,1	1,1
12-15-0 
12-15-0 2,3	2,1	2,1
12-15-0 
12-15-0 8,1	8,1
12-15-0 11,3	11,1	11,1	11,1
12-15-0 1,1	1,1	1,1	1,1	1,1	1,1	1,1	1,1	1,3	1,1
12-15-0 
12-15-0 
12-15-0 
12-15-0 2,1	2,1	2,1	1,1	1,1	1,1	1,1
12-15-0 
12-15-0 2,1	2,1	2,1	1,1	1,1	1,3	1,1	1,1	1,1	1,1
12-15-0 13,1	13,1	13,1	13,4	13,1	13,1	13,1	13,1	13,3	13,1	13,1	13,1	13,1
12-15-0 2,3	2,2	2,1	1,1	1,1
12-15-0 
12-15-0 1,1	1,1	1,1	1,1	1,1	1,1	1,1	1,3
12-15-0 
12-15-0 
12-15-0 
12-15-0 
12-15-0 12,1	12,1	12,2	12,1	12,1	12,1	12,1	12,1	11,1	11,1	11,1	10,1	10,1	10,1	10,1	10,1	9,1	9,1	9,1	9,1	9,1	9,1	8,1	8,1	7,1	7,1	6,1	6,1	5,1	5,1	4,1	4,1	4,1	4,1	3,1	3,1	3,1	2,1	2,1	2,1	2,1	2,1	2,1	1,1	1,1
12-15-0 
12-15-0 
12-15-0 
12-15-0 
12-15-0 
12-15-0 
12-15-0 
12-15-0 10,3	10,1
12-15-0 
12-15-0 
12-15-0 13,1	13,1
12-15-0 
12-15-0 9,1	9,1
12-15-0 
12-15-0 
12-15-0 2,1	2,1	2,1	2,1
12-15-0 
12-15-0 
12-15-0 
12-15-0 
12-15-0 1,3	1,1
12-15-0 7,1	7,1
12-15-0 
12-15-0 20,1	20,1	20,1	18,1	4,1	4,1
12-15-0 
12-15-0 
12-15-0 3,1
12-15-0 
12-15-0 
12-15-0 
12-15-0 
12-15-0 
12-15-0 
12-15-0 
12-15-0 
12-15-0 
12-15-0 1,3	1,1
12-15-0 
12-15-0 1,1	1,1	1,1
12-15-0 
12-15-0 
12-15-0 
12-15-0 26,1	26,1	26,3
12-15-0 
12-15-0 
12-15-0 1,1	1,1
12-14-0 1,1	1,3
12-14-0 
12-14-0 2,1	2,2	2,1
12-14-0 1,1	1,1
12-14-0 
12-14-0 4,1	4,1	4,3	4,1	4,1
12-14-0 
12-14-0 
12-14-0 1,1
12-14-0 
12-14-0 
12-14-0 3,3	3,1	3,1	3,1	1,1	1,1	1,1	1,1
12-14-0 
12-14-0 
12-14-0 
12-14-0 1,1	1,2	1,1	1,1	1,1	1,1
12-14-0 
12-14-0 
12-14-0 
12-14-0 12,1	12,1	12,1
12-14-0 2,1	2,1	2,1	2,3	1,1	1,1	1,1	1,1	1,1	1,1	1,1	1,1	1,3	1,1
12-14-0 
12-14-0 
12-14-0 
12-14-0 
12-14-0 
12-14-0 
12-14-0 
12-14-0 1,1	1,1	1,3	1,1	1,1	1,1	1,1
12-14-0 
12-14-0 
12-14-0 
12-14-0 
12-14-0 
12-14-0 
12-14-0 
12-14-0 
12-14-0 
12-14-0 
12-14-0 1,1	1,1	1,1	1,1	1,1	1,1	1,1	1,3	1,1
12-14-0 
12-14-0 
12-14-0 11,1	7,1	7,1	5,1	5,1	5,3	5,1	5,1	5,1	2,1	2,1	2,1	2,1
12-14-0 
12-14-0 
12-14-0 
12-14-0 1,1	1,1	1,1	1,1	1,1
12-14-0 16,1	16,2	16,1	13,1	13,1
12-14-0 
12-14-0 1,1	1,1	1,1	1,1	1,1	1,3
12-14-0 
12-14-0 
12-14-0 
12-14-0 
12-14-0 
12-14-0 
12-14-0 18,1	18,1	18,4	18,1	17,1	17,1	15,1	15,1	15,1
12-14-0 
12-14-0 
12-14-0 
12-14-0 
12-14-0 
12-14-0 
12-14-0 1,1	1,1	1,1
12-14-0 
12-14-0 
12-14-0 
12-14-0 
12-14-0 
12-14-0 
12-14-0 
12-14-0 18,1	18,1
12-14-0 
12-14-0 
12-14-0 
12-14-0 23,3	23,1	22,1	22,1	21,1	21,1	21,1	13,1	13,1	2,1	2,1
12-14-0 
12-14-0 
12-14-0 1,1	1,1	1,1	1,1	1,1	1,1	1,3	1,1
12-14-0 
12-14-0 
12-14-0 
12-14-0 
12-14-0 
12-14-0 1,2	1,1	1,1	1,1	1,1
12-14-0 
12-14-0 1,1	1,1	1,1	1,1	1,1	1,1
12-14-0 
12-14-0 
12-14-0 2,1	2,1	2,1	2,4	2,1	2,1	2,1	1,1
12-14-0 
12-14-0 
12-14-0 5,1	5,3	5,1	5,1	4,1	4,1	4,1	4,1	4,1
12-14-0 11,1	11,1	10,1
12-14-0 15,1	15,1	15,1	15,1
12-14-0 16,1	16,1	16,1	12,1	12,1	12,1	12,1
12-14-0 
12-14-0 
12-14-0 1,1	1,1
12-14-0 
12-14-0 
12-14-0 
12-14-0 
12-14-0 
12-14-0 
12-14-0 
12-14-0 
12-14-0 
12-14-0 
12-14-0 
12-14-0 
12-14-0 
12-14-0 
12-14-0 3,1	3,1	3,1	3,1	3,1	3,1	3,1
12-14-0 
12-14-0 
12-14-0 6,1	6,2
12-14-0 
12-14-0 2,1	2,3	2,1	2,1	1,1	1,1
12-14-0 6,1	1,1
12-14-0 
12-14-0 
12-14-0 
12-14-0 
12-14-0 
12-14-0 
12-14-0 
12-14-0 
12-14-0 1,3	1,1
12-14-0 6,1	6,1
12-14-0 
12-14-0 
12-14-0 16,2	16,1	16,1	16,1	16,1	16,1	16,1	16,1	15,1	15,1	15,1	15,1	15,1	15,1	2,1	2,1
12-14-0 
12-14-0 6,1	6,1	6,1
12-14-0 
12-14-0 1,1	1,1	1,1	1,3	1,1
12-14-0 
12-14-0 
12-14-0 
12-14-0 1,1	1,1	1,3
12-14-0 
12-14-0 
12-14-0 6,1	6,3	5,1	5,1	4,1	4,1	2,1	2,1
12-14-0 9,1	9,1	9,4	9,1	9,3	3,1	3,1
12-14-0 
12-14-0 
12-14-0 
12-14-0 
12-14-0 
12-14-0 
12-14-0 
12-14-0 
12-14-0 
12-14-0 
12-14-0 1,3	1,1	1,1	1,1
12-14-0 
12-14-0 
12-14-0 2,1	2,1	2,1	2,1	2,3	2,1	2,1	2,1
12-14-0 2,1	2,1	2,1	2,1	2,1	2,3	2,1	2,1	2,1	2,1	2,1
12-14-0 
12-14-0 
12-14-0 
12-14-0 
12-14-0 
12-14-0 
12-14-0 2,1	2,1	2,1	2,1
12-14-0 
12-14-0 
12-14-0 
12-14-0 
12-14-0 
12-14-0 10,1	10,1	10,1
12-14-0 
12-14-0 
12-14-0 
12-14-0 1,1	1,1	1,1	1,1	1,1	1,3
12-14-0 3,1	3,1
12-14-0 
12-14-0 
12-14-0 
12-14-0 
12-14-0 
12-14-0 
12-14-0 
12-14-0 2,1	1,1	1,1	1,1	1,1
12-14-0 
12-14-0 1,1	1,3	1,1	1,1
12-14-0 
12-14-0 
12-14-0 
12-14-0 
12-14-0 20,1	20,1	20,1	20,1	20,1	17,1	17,1	17,1	12,1	12,1	11,1	11,1	11,1
12-14-0 
12-14-0 
12-14-0 
12-14-0 
12-14-0 
12-14-0 
12-14-0 10,1	10,1
12-14-0 
12-14-0 
12-14-0 
12-14-0 
12-14-0 6,2	6,1	6,1	6,1	1,1	1,1	1,1	1,1
12-14-0 
12-14-0 
12-14-0 2,1	2,3	2,1	2,1	2,1	1,1	1,1	1,1	1,1
12-14-0 
12-14-0 1,2	1,1	1,1	1,1	1,1
12-14-0 18,1	16,1	7,1	1,1	1,1	1,1	1,1	1,1	1,3
12-14-0 1,2	1,1	1,1
12-14-0 
12-14-0 
12-14-0 
12-14-0 3,1	3,3	2,1	2,1	2,1
12-14-0 
12-14-0 1,1	1,1
12-14-0 5,1	4,1	4,1	4,1	4,3	4,1	4,1	2,1	2,1
12-14-0 
12-14-0 
12-14-0 17,1	17,1	8,1	8,1	5,1	5,1	3,1	3,1	2,1	2,1	1,1	1,1	1,1	1,1	1,2	1,1
12-14-0 
12-14-0 
12-14-0 
12-14-0 
12-14-0 1,1	1,1	1,1	1,1	1,1	1,1	1,3
12-14-0 
12-14-0 3,1	3,1	3,3	3,1	3,1	3,1	3,1	3,1	3,1	3,1	3,1	3,1	3,1	2,1	2,1	2,1	2,1	1,1	1,1
12-14-0 
12-14-0 
12-14-0 3,1	3,1	3,1	3,1	3,2
12-14-0 3,1	3,1	1,1	1,1	1,1	1,1	1,1
12-14-0 
12-14-0 
12-14-0 3,1	3,1	3,1	3,1	3,1	3,1	3,3	3,1	3,1	1,1	1,1	1,1	1,1	1,1	1,3
12-14-0 1,1	1,1	1,1	1,1
12-14-0 14,1	1,1	1,1	1,1	1,1	1,1	1,1	1,1
12-14-0 
12-14-0 9,1	9,1	9,2	9,1	6,2	6,1	3,1	3,1
12-14-0 
12-14-0 22,1	6,1	6,1	6,1	6,1
12-14-0 
12-14-0 3,1	3,1	3,1	3,1	3,1	3,1	1,1
12-14-0 
12-14-0 6,1	6,3	6,1	6,1	6,1	6,1	6,1	6,1
12-14-0 
12-14-0 
12-14-0 
12-14-0 7,1	7,1
12-14-0 
12-14-0 
12-14-0 
12-14-0 
12-14-0 
12-14-0 
12-14-0 
12-14-0 
12-14-0 
12-14-0 
12-14-0 
12-14-0 1,1	1,1	1,3	1,1	1,1
12-14-0 
12-14-0 
12-14-0 20,2	20,1	20,1	20,1	17,1	17,1	17,1	17,1	17,1	14,1	14,1	14,1	14,1	13,1	13,1	13,1	3,1	3,1	3,1	3,1	3,1	3,3	3,1	3,1	3,1	3,1	3,1	2,1	2,3	2,1	2,1	2,1	1,3	1,1	1,1	1,3	1,1
12-14-0 
12-14-0 
12-14-0 
12-14-0 1,1	1,1
12-14-0 
12-14-0 
12-14-0 
12-14-0 
12-14-0 
12-14-0 26,1	26,3	26,1	26,1
12-14-0 1,1	1,3
12-14-0 8,1	8,1	8,3	8,3	8,1	8,3	8,1	2,1	2,1	2,1	2,1	2,1	2,3	2,4	2,3	2,3	2,3	2,3	2,1
12-14-0 1,1	1,3	1,1	1,1
12-14-0 7,1	7,1	7,3	7,2	7,1	1,1	1,1	1,1	1,1	1,1	1,1	1,1	1,1	1,1	1,1
12-14-0 1,1
12-14-0 6,1	6,1	6,1	6,2	6,1	6,1	6,1	6,1	6,1	6,1	6,1	6,1	6,4	6,1	6,3	5,1	5,1	5,1	3,1	3,1	3,1
12-14-0 
12-14-0 
12-14-0 
12-14-0 
12-14-0 1,1	1,1
12-14-0 
12-14-0 
12-14-0 1,3	1,1	1,1
12-14-0 22,1	22,1	22,1	22,1
12-14-0 
12-14-0 
12-14-0 
12-14-0 
12-14-0 
12-14-0 
12-14-0 
12-14-0 
12-14-0 
12-14-0 
12-14-0 
12-14-0 9,1	1,1	1,1	1,1	1,2	1,1
12-14-0 
12-14-0 1,1	1,1	1,1	1,1	1,1
12-14-0 
12-14-0 
12-14-0 2,1	2,1
12-14-0 19,1	19,3	19,1	17,1	17,1	17,1	7,1	7,1	5,1	5,1
12-14-0 
12-14-0 12,3	11,1	11,3	11,4	11,1	11,1	11,1	11,1	11,1	11,1	11,1	11,1
12-14-0 1,1	1,2
12-14-0 
12-14-0 5,1	5,1	5,1
12-14-0 6,1	6,1	1,1	1,1	1,1	1,1	1,3	1,1	1,1
12-14-0 
12-14-0 11,1	11,1	11,1	11,1	11,1	11,1	10,1	10,1	10,1	10,1
12-14-0 
12-14-0 7,1	7,3
12-14-0 
12-14-0 
12-14-0 
12-14-0 1,3	1,1	1,1	1,1	1,1	1,1	1,1
12-14-0 
12-14-0 8,2	8,1	8,1	8,1	8,1	8,1	1,1	1,1	1,1	1,1
12-14-0 
12-14-0 
12-14-0 2,1	1,1	1,1
12-14-0 
12-14-0 2,1
12-14-0 
12-14-0 2,1	2,2	2,1	2,1	2,1	2,1	2,1	2,1	2,1
12-14-0 
12-14-0 
12-14-0 
12-14-0 
12-14-0 4,3	4,1
12-14-0 
12-14-0 3,1	3,1	3,3	2,1	2,1	2,1	2,1	2,1	1,1	1,1	1,1	1,1
12-14-0 13,1	13,1	13,3	13,1	13,1	9,1	9,1	9,1	9,1	9,1	9,1
12-14-0 
12-14-0 
12-14-0 3,1	3,1	3,1	3,1	3,3	3,1	3,1
12-14-0 13,3	13,1	13,3	13,3	13,1	13,1	13,1	12,1	10,4	10,3	10,4	10,1	10,4	10,1	4,1	4,1	4,1
12-14-0 7,2	7,1	7,1	7,1	7,1	7,1	7,1	7,1	6,3	6,1	6,4	6,4
12-14-0 
12-14-0 
12-14-0 
12-14-0 
12-14-0 
12-14-0 
12-14-0 
12-14-0 
12-14-0 4,2	4,1	4,1
12-14-0 
12-14-0 
12-14-0 
12-14-0 
12-14-0 
12-14-0 1,1	1,1	1,1	1,1
12-14-0 
12-14-0 
12-14-0 18,1	18,1	1,1	1,3	1,1	1,1	1,1	1,1
12-14-0 
12-14-0 
12-14-0 
12-14-0 1,3	1,1	1,1	1,1	1,3	1,1	1,1	1,1	1,1	1,1
12-14-0 1,1	1,3	1,1	1,1	1,1	1,1	1,1
12-14-0 
12-14-0 
12-14-0 9,1	9,1
12-14-0 2,1	2,1	2,3	2,1	1,1	1,1	1,1	1,1	1,1	1,1
12-14-0 17,1	17,1	17,1	5,2	5,1	5,1	5,3	3,1	3,1	2,1	2,1	2,1	1,1	1,1
12-14-0 
12-14-0 
12-14-0 
12-14-0 
12-14-0 
12-14-0 
12-14-0 3,1	3,3	3,1	3,1	3,1	3,1
12-14-0 
12-14-0 8,1
12-14-0 
12-14-0 2,1	2,1	2,1	2,1	2,1	2,3
12-14-0 7,1	7,1	3,1	3,1	3,3	3,2	3,1	3,1	3,1	2,1	2,1	2,1	2,1	1,3	1,1	1,1	1,1
12-14-0 
12-14-0 
12-14-0 
12-14-0 
12-14-0 
12-14-0 
12-14-0 
12-14-0 1,1	1,2	1,1	1,2
12-14-0 
12-14-0 
12-14-0 1,1	1,3	1,1	1,1	1,1	1,1	1,1	1,1
12-14-0 
12-14-0 3,1	3,3	3,1	2,1	2,1	2,3	1,1	1,1	1,1	1,1
12-14-0 
12-14-0 
12-14-0 
12-14-0 5,1	5,4	5,1	5,1	5,1	5,1	5,1	5,1	5,1	5,1	5,1	4,1	4,1	2,1	2,1	1,1	1,1
12-14-0 1,1	1,1	1,3	1,1	1,1	1,1
12-14-0 1,1	1,1
12-14-0 
12-14-0 
12-14-0 26,1	26,1	1,1	1,1
12-14-0 
12-14-0 
12-14-0 
12-14-0 1,1
12-14-0 20,1	20,1	20,1
12-13-0 
12-13-0 4,1	3,1	2,1
12-13-0 
12-13-0 
12-13-0 
12-13-0 19,3	19,1	19,2	19,1	19,1	14,1	14,1	6,1	6,1	6,1	6,1
12-13-0 
12-13-0 
12-13-0 
12-13-0 7,1	7,1	7,2	7,1	4,1	4,1	4,1	3,3	3,1	3,1	3,1	2,1	2,1	2,1	2,1	2,1	2,1	2,1	2,1	1,1	1,1	1,1	1,1	1,1
12-13-0 2,1	2,1	2,1	2,1	2,1	2,1	2,3	2,1	2,1
12-13-0 2,1	2,1	2,3	2,1
12-13-0 14,1	14,3	14,1	14,1	2,1	2,1	2,1
12-13-0 
12-13-0 
12-13-0 
12-13-0 
12-13-0 1,1	1,4	1,1	1,1
12-13-0 
12-13-0 
12-13-0 
12-13-0 
12-13-0 1,1	1,1	1,1	1,1	1,1	1,1	1,1	1,1	1,1	1,1
12-13-0 
12-13-0 
12-13-0 10,1	7,1	7,1	7,1	7,1	7,1	7,1	7,2	7,1	6,1	6,1	6,1	6,1	5,1	5,1	5,1	1,1	1,1	1,1
12-13-0 1,3	1,1	1,1	1,1
12-13-0 
12-13-0 1,2	1,1	1,1	1,1
12-13-0 3,1	3,1	3,1	3,3	3,1
12-13-0 
12-13-0 6,1	6,1	6,1	6,1	6,1	6,1	6,4	6,1	6,1	6,1
12-13-0 
12-13-0 
12-13-0 
12-13-0 8,3	8,1	8,1	8,1	8,1	4,1	4,1	4,1	4,1
12-13-0 15,1	15,1	15,2	14,1	14,1	14,1	14,1	14,1	14,1	14,1	12,1	12,1	8,1	8,1	8,1	8,1	6,1	3,1	3,1	3,1	3,1	3,1	3,1	3,1	3,3	3,1
12-13-0 8,1	7,1	4,1	1,1	1,1	1,1	1,1	1,1	1,1	1,3	1,1
12-13-0 
12-13-0 
12-13-0 4,1	4,1	4,3	4,1	3,1	3,1	3,1	1,1	1,1
12-13-0 2,1	2,3	2,1	2,1	2,1	2,1
12-13-0 2,1	1,1	1,1	1,1
12-13-0 
12-13-0 
12-13-0 
12-13-0 1,1	1,1	1,1	1,1	1,1	1,1	1,1	1,1
12-13-0 
12-13-0 
12-13-0 
12-13-0 10,1	10,1	10,3
12-13-0 23,1	23,1
12-13-0 1,1	1,1
12-13-0 
12-13-0 1,1	1,3	1,1	1,1	1,1
12-13-0 
12-13-0 
12-13-0 
12-13-0 14,1
12-13-0 
12-13-0 
12-13-0 
12-13-0 
12-13-0 4,1	4,1
12-13-0 2,1	2,3	2,1	2,2	1,1	1,1	1,1	1,1	1,1	1,1	1,1	1,1
12-13-0 1,1	1,1	1,1
12-13-0 
12-13-0 
12-13-0 23,1	23,1	23,3
12-13-0 
12-13-0 
12-13-0 
12-13-0 
12-13-0 
12-13-0 1,1	1,3	1,1	1,1	1,1	1,1
12-13-0 
12-13-0 
12-13-0 
12-13-0 
12-13-0 3,1	3,1	3,3
12-13-0 2,1	2,1	2,1	2,4	2,1	2,1	2,1	2,1
12-13-0 
12-13-0 
12-13-0 24,2	24,1	24,1	24,1	2,1	2,1
12-13-0 
12-13-0 
12-13-0 1,1	1,1
12-13-0 3,3	3,1	3,1	3,1	2,1	2,1	2,1	2,1	2,1	2,1	2,1	2,1	1,1	1,3	1,2	1,1	1,1	1,1	1,1	1,3	1,1
12-13-0 
12-13-0 
12-13-0 
12-13-0 24,3	24,1	24,1	24,1	24,1	24,1
12-13-0 1,1	1,1	1,1	1,1
12-13-0 
12-13-0 
12-13-0 11,1	1,1	1,1
12-13-0 
12-13-0 
12-13-0 
12-13-0 
12-13-0 
12-13-0 6,1	6,1	6,3	6,1	6,1
12-13-0 14,1	14,1	14,1
12-13-0 
12-13-0 
12-13-0 1,1	1,1	1,1	1,3
12-13-0 
12-13-0 1,1	1,1	1,1	1,1
12-13-0 
12-13-0 
12-13-0 
12-13-0 
12-13-0 
12-13-0 
12-13-0 
12-13-0 
12-13-0 
12-13-0 3,3	3,1	3,1	3,1	3,1	3,1	3,1	3,1	3,1	2,1	2,1	2,1	2,1	2,1
12-13-0 
12-13-0 
12-13-0 
12-13-0 
12-13-0 1,3	1,1	1,1	1,1	1,3	1,3	1,3	1,1	1,1	1,1	1,1	1,3	1,1	1,3	1,2	1,1	1,1	1,1	1,1
12-13-0 
12-13-0 23,1	23,1	23,3	23,1	23,1	23,1	23,1	10,1	10,1	3,1	3,1	1,1	1,1
12-13-0 
12-13-0 
12-13-0 12,1	12,2	12,1	12,1	4,1	4,1	4,1	4,1	1,1	1,1	1,1	1,1	1,3	1,1	1,1	1,1	1,1
12-13-0 
12-13-0 3,1	3,1	3,1
12-13-0 4,1	4,1	4,1	4,1	2,1	2,1	2,1	2,1	2,1	2,1	2,1	2,1	2,1	2,1	2,3	2,1	2,1	2,1	2,1	1,1	1,1
12-13-0 
12-13-0 3,1	3,1	3,1	2,1	2,1	2,1	2,3	1,1	1,1	1,3	1,1
12-13-0 1,1	1,1	1,1	1,1	1,1	1,1	1,1	1,1	1,1	1,1
12-13-0 
12-13-0 4,1	4,1	4,1	4,1	4,4	4,1
12-13-0 
12-13-0 
12-13-0 
12-13-0 
12-13-0 
12-13-0 1,1	1,1	1,3
12-13-0 
12-13-0 
12-13-0 
12-13-0 
12-13-0 
12-13-0 
12-13-0 
12-13-0 1,1	1,1	1,1	1,3
12-13-0 
12-13-0 2,1	2,1	2,1
12-13-0 
12-13-0 1,1	1,1	1,2	1,1	1,1	1,1
12-13-0 
12-13-0 
12-13-0 
12-13-0 4,1	4,1
12-13-0 1,1	1,1	1,1	1,1	1,1	1,1	1,1	1,1	1,3	1,1	1,1	1,1	1,1	1,1
12-13-0 1,1	1,1	1,1	1,1	1,1	1,1
12-13-0 
12-13-0 
12-13-0 3,1	3,2	3,1	2,1	2,1	2,1	1,1	1,1	1,1	1,1
12-13-0 
12-13-0 
12-13-0 
12-13-0 
12-13-0 
12-13-0 
12-13-0 
12-13-0 
12-13-0 23,1	23,1	1,1	1,1	1,2
12-13-0 
12-13-0 6,1	6,3	2,1	2,1	2,1	2,1	2,1	2,3	2,1	2,4	2,4	2,1	2,1	2,1	2,1	1,1	1,1	1,1
12-13-0 
12-13-0 7,1	1,1	1,1	1,1	1,1
12-13-0 1,1
12-13-0 
12-13-0 
12-13-0 
12-13-0 
12-13-0 
12-13-0 
12-13-0 7,1	7,1	7,3	7,1	6,1	6,1	6,1	6,1	5,1	5,1	5,1	5,1	2,1	2,1
12-13-0 
12-13-0 2,3	2,1	2,1	2,1
12-13-0 
12-13-0 
12-13-0 
12-13-0 
12-13-0 1,1	1,1	1,3	1,1	1,1	1,1
12-13-0 10,1	10,3	10,1	10,1	10,1	10,1	10,1
12-13-0 6,1
12-13-0 
12-13-0 1,1	1,1	1,1	1,3
12-13-0 
12-13-0 
12-13-0 
12-13-0 
12-13-0 1,1
12-13-0 
12-13-0 
12-13-0 2,1	2,1	2,1	2,1	2,1	2,1	2,3	2,1	2,1	1,1	1,1	1,1	1,1	1,3	1,1	1,3	1,1
12-13-0 
12-13-0 
12-13-0 
12-13-0 
12-13-0 23,3	23,1	10,1	10,1	10,1	10,1	3,1	3,1	3,1	3,1	3,3	3,2	3,1	1,3	1,3	1,1	1,1	1,1	1,1	1,1	1,1	1,1	1,1
12-13-0 16,1	16,3	16,1	16,1	16,1	16,1	14,1	14,1	14,1
12-13-0 
12-13-0 
12-13-0 1,3	1,1	1,1	1,1
12-13-0 
12-13-0 1,1	1,1	1,1	1,1	1,1	1,1
12-13-0 2,1	2,3	2,1	2,1
12-13-0 
12-13-0 3,1	3,3	3,1
12-13-0 
12-13-0 
12-13-0 
12-13-0 
12-13-0 
12-13-0 13,1	13,1	10,1	10,1	10,1	10,1	10,1	10,1	8,1	8,1	8,1	4,1	4,1	4,1	3,1
12-13-0 
12-13-0 6,3	6,1	6,1	6,1	6,1
12-13-0 
12-13-0 
12-13-0 
12-13-0 
12-13-0 1,1	1,3	1,1	1,1	1,3
12-13-0 
12-13-0 
12-13-0 
12-13-0 
12-13-0 18,1	18,1	18,1	18,1	18,1	18,1	18,1	18,1	18,3	18,1	17,1	17,1	17,1	17,1	17,1	17,1	16,1	16,1	15,1	15,1	15,1	15,1	15,4	15,1	15,1	10,1	10,1	10,1	10,1	10,1	10,1	10,1	10,1	10,1	10,1	10,1	10,1	9,1	9,1	9,1	9,4	9,1
12-13-0 4,1	4,1	4,1	4,1	4,1	4,1	4,1
12-13-0 
12-13-0 
12-13-0 
12-13-0 
12-13-0 
12-13-0 
12-13-0 1,3	1,1
12-13-0 
12-13-0 
12-13-0 
12-13-0 7,1	7,2	7,1	1,1	1,3	1,1	1,1	1,1	1,1	1,1	1,1
12-13-0 1,1
12-13-0 
12-13-0 10,1	10,1
12-13-0 
12-13-0 
12-13-0 2,1	2,1	2,1	1,1	1,1	1,1	1,1	1,3	1,1	1,1
12-13-0 
12-13-0 
12-13-0 1,3	1,1	1,1
12-13-0 
12-13-0 3,1	3,1	3,1	1,1
12-13-0 
12-13-0 9,2	9,1	9,1	9,1	9,1	7,1	7,1	7,1
12-13-0 
12-13-0 
12-13-0 
12-13-0 
12-13-0 
12-13-0 
12-13-0 
12-13-0 
12-13-0 
12-13-0 
12-13-0 
12-13-0 1,3	1,1	1,1	1,1	1,1
12-13-0 
12-13-0 
12-13-0 
12-13-0 
12-13-0 
12-13-0 1,1	1,1	1,3
12-13-0 
12-13-0 2,3	2,1	1,1	1,1	1,1	1,1	1,1	1,1
12-13-0 1,1	1,1
12-13-0 4,1
12-13-0 
12-13-0 6,1
12-13-0 25,1	25,1	25,4	25,1	25,1	25,1	25,1	23,1	23,1	21,1	21,1	21,1	20,1	20,1	20,4	20,4	20,1	20,1	20,1	20,1	20,1	20,1	20,4	19,1	14,1	13,1	13,1
12-13-0 
12-13-0 
12-13-0 15,1	15,1	15,1	5,1	5,1	5,1
12-13-0 3,1	3,1	3,3	3,1
12-13-0 
12-13-0 4,1	4,1	4,2	1,1	1,1	1,1	1,1
12-13-0 10,3	10,1	10,1	10,1	10,1	10,1	10,1	10,1	10,1	10,1	10,1	9,3	9,1	9,1	9,1	1,1	1,1	1,1	1,1	1,1	1,3	1,1	1,1	1,1	1,1	1,1	1,1
12-13-0 1,1	1,1	1,1
12-13-0 
12-13-0 
12-13-0 
12-13-0 
12-13-0 1,1	1,1
12-13-0 
12-13-0 
12-13-0 8,1	8,1	8,1	8,1	8,1	2,1	2,1	2,1	2,1
12-13-0 
12-13-0 4,1	3,1	3,1	3,3	3,1	1,3	1,1
12-13-0 
12-13-0 
12-13-0 
12-13-0 9,1	9,1	9,1	9,1	9,1	9,1	1,4	1,1	1,1	1,1	1,1	1,3
12-13-0 
12-13-0 
12-13-0 1,1	1,1	1,3	1,1
12-13-0 1,2	1,1	1,1	1,1	1,1	1,1	1,1
12-13-0 
12-13-0 
12-13-0 
12-13-0 
12-13-0 4,1	4,1	4,1	1,1	1,1	1,1	1,3	1,1	1,1	1,1	1,1	1,1	1,1
12-13-0 
12-13-0 
12-13-0 
12-13-0 
12-13-0 1,1	1,2	1,1	1,1
12-13-0 
12-13-0 15,1	15,1	15,1	15,2	3,1	3,1	3,3	3,1	3,1	3,1
12-13-0 
12-13-0 
12-13-0 
12-13-0 
12-13-0 3,3	3,1	3,1	3,1	3,1	3,1
12-13-0 24,2	24,1	24,1	24,1	2,1	2,1
12-13-0 
12-13-0 
12-13-0 
12-13-0 
12-13-0 
12-13-0 9,1	9,1	9,1	9,1	9,1	8,3	8,1	6,1	6,1	6,1	6,1	6,1	6,1	6,1	6,1	6,1	6,1
12-13-0 4,1	4,3	4,1	3,1	3,1	3,1	3,1	3,1	1,1	1,1	1,1
12-13-0 
12-13-0 19,1	19,2	19,1	18,1	18,1	16,1	16,1	8,1	8,1	8,3	8,1	7,1	7,1	7,1	7,1	7,1	5,1	5,1	4,1	4,1	4,1	4,1	2,1	2,1	2,1	2,1	1,1	1,1	1,1	1,1	1,3
12-13-0 
12-13-0 1,1	1,3	1,1	1,1	1,1	1,1	1,1	1,1	1,1	1,1
12-13-0 
12-13-0 4,1
12-13-0 
12-13-0 
12-13-0 
12-13-0 
12-13-0 19,1	19,1	19,1	19,2	19,1	19,1	19,1	19,1	1,1	1,1	1,1	1,1	1,1	1,1	1,1	1,3
12-13-0 
12-13-0 2,1	2,1	2,1	2,3
12-13-0 
12-13-0 
12-13-0 
12-13-0 1,1	1,3	1,1	1,1	1,1	1,1	1,1	1,1
12-13-0 
12-13-0 3,1
12-13-0 
12-13-0 
12-13-0 
12-13-0 
12-13-0 9,1	9,1
12-13-0 
12-13-0 
12-13-0 
12-13-0 
12-13-0 
12-13-0 
12-13-0 
12-13-0 
12-13-0 
12-13-0 6,1	6,1	6,1	6,3
12-13-0 
12-13-0 8,1	8,1	8,1	5,1	5,1
12-13-0 
12-13-0 
12-13-0 
12-13-0 2,1	2,1	1,1	1,1
12-13-0 
12-13-0 
12-13-0 
12-13-0 1,1	1,1	1,1	1,3	1,1
12-13-0 
12-13-0 3,1	3,1	3,3	3,1	3,1	3,1	3,4	3,1
12-13-0 2,1	2,1	1,1	1,1	1,1	1,1	1,1	1,1	1,1
12-13-0 
12-13-0 
12-13-0 
12-13-0 2,1	2,3	2,1
12-13-0 
12-13-0 
12-13-0 
12-13-0 
12-13-0 23,1	23,1	1,1
12-13-0 
12-13-0 
12-13-0 
12-13-0 
12-13-0 
12-13-0 3,3	3,1	3,1	3,1	3,1	3,1	3,1	3,1
12-13-0 1,1	1,1	1,1	1,1
